
1024 x 768

0.7427844177725003
[[605.02219754   0.         505.27452907]
 [  0.         602.88979478 329.92391355]
 [  0.           0.           1.        ]] 
[[-0.32990256  0.12826767  0.00052888  0.00191238 -0.02428353]] 
[array([[ 0.13842493],
       [ 0.03596613],
       [-0.01401445]]), array([[ 0.14645072],
       [ 0.03497323],
       [-0.02119949]]), array([[ 0.1527458 ],
       [ 0.02893944],
       [-0.02321502]]), array([[ 0.07662258],
       [-0.01817754],
       [-0.00730223]]), array([[ 0.15775501],
       [-0.07200208],
       [ 0.00475052]]), array([[ 0.11521116],
       [-0.01671277],
       [ 0.03506769]]), array([[ 0.11324757],
       [-0.0049503 ],
       [ 0.03527689]]), array([[ 0.12789147],
       [-0.13141282],
       [ 0.03667771]]), array([[ 0.00901256],
       [-0.10948116],
       [-0.01613331]]), array([[ 0.00454307],
       [-0.10569521],
       [-0.01167274]]), array([[-0.00790193],
       [-0.10726675],
       [-0.01057396]]), array([[0.31641471],
       [0.11707151],
       [0.10648522]]), array([[0.33647077],
       [0.10308482],
       [0.08996431]]), array([[0.28723449],
       [0.0916048 ],
       [0.05440935]]), array([[0.15202632],
       [0.14915007],
       [0.0241208 ]]), array([[0.11392871],
       [0.42138972],
       [0.02191268]]), array([[ 0.09598555],
       [ 0.14811914],
       [-0.0222441 ]]), array([[ 0.13238012],
       [ 0.08578621],
       [-0.04374951]]), array([[ 0.09366432],
       [ 0.04550245],
       [-0.07426805]]), array([[ 0.05372753],
       [ 0.06181057],
       [-0.07001352]]), array([[ 0.05877323],
       [ 0.06306953],
       [-0.05746402]]), array([[ 0.06756832],
       [ 0.05800681],
       [-0.05125486]]), array([[ 0.07029302],
       [ 0.0552083 ],
       [-0.04691403]]), array([[ 0.08298174],
       [ 0.05765813],
       [-0.04178235]]), array([[ 0.12484031],
       [ 0.12541468],
       [-0.00228354]]), array([[ 0.12487727],
       [ 0.12273425],
       [-0.00664026]]), array([[ 0.12213479],
       [ 0.1205676 ],
       [-0.01069263]]), array([[ 0.10519369],
       [ 0.07752083],
       [-0.04775639]]), array([[ 0.10597511],
       [ 0.06875313],
       [-0.04869316]]), array([[ 0.1029891 ],
       [ 0.0624738 ],
       [-0.05622329]]), array([[ 0.10019364],
       [ 0.07044905],
       [-0.06654605]]), array([[ 0.02326045],
       [ 0.01345725],
       [-0.13578994]]), array([[0.11427155],
       [0.01390527],
       [0.02094663]]), array([[0.16746688],
       [0.06575527],
       [0.0254461 ]]), array([[ 0.09206492],
       [ 0.09874335],
       [-0.02476955]]), array([[ 0.08323385],
       [ 0.09759402],
       [-0.02423969]]), array([[ 0.18387688],
       [ 0.12195426],
       [-0.02449829]]), array([[0.10206934],
       [0.13684028],
       [0.02489263]]), array([[0.05889623],
       [0.15866677],
       [0.06164841]]), array([[0.044313  ],
       [0.15763171],
       [0.08175193]]), array([[0.0721624 ],
       [0.10802454],
       [0.07564432]]), array([[ 0.01916881],
       [-0.14047912],
       [-0.07671267]]), array([[-0.03001558],
       [-0.12093946],
       [-0.11029896]]), array([[-0.03223418],
       [-0.03801409],
       [-0.08794821]]), array([[ 0.08921267],
       [ 0.07865321],
       [-0.03257703]]), array([[ 0.12773804],
       [ 0.10045031],
       [-0.02931887]]), array([[0.19960294],
       [0.194391  ],
       [0.01904807]]), array([[ 0.29168961],
       [ 0.34920685],
       [-0.01656559]]), array([[ 0.04944312],
       [-0.70207829],
       [-0.10069472]]), array([[ 0.06186765],
       [-0.73766749],
       [-0.12824799]]), array([[0.11260361],
       [0.67089605],
       [0.0376866 ]]), array([[0.13250122],
       [1.01203837],
       [0.00791851]]), array([[0.15786365],
       [1.06664976],
       [0.01203839]]), array([[0.14603323],
       [1.08590073],
       [0.03091545]]), array([[0.16672188],
       [1.1028847 ],
       [0.02445254]]), array([[-0.05521504],
       [ 0.26374481],
       [ 0.01540995]]), array([[-0.46290163],
       [ 0.10331014],
       [ 0.01619448]]), array([[ 0.7501149 ],
       [ 0.05428586],
       [-0.07259884]]), array([[ 0.90008699],
       [ 0.10271758],
       [-0.0274192 ]]), array([[ 0.15450887],
       [ 0.06159398],
       [-0.06190439]]), array([[ 0.10569265],
       [ 0.05475186],
       [-0.06799446]]), array([[ 0.09945066],
       [ 0.06324223],
       [-0.05721349]]), array([[ 0.07586566],
       [ 0.06813333],
       [-0.04738183]]), array([[ 0.08264878],
       [ 0.05632494],
       [-0.04429571]]), array([[ 0.09928566],
       [ 0.02773657],
       [-0.0403947 ]]), array([[ 0.09746849],
       [ 0.0396038 ],
       [-0.03802178]]), array([[ 0.10814331],
       [ 0.04274859],
       [-0.02556711]]), array([[ 0.1160821 ],
       [ 0.04245865],
       [-0.02599233]]), array([[ 0.11413156],
       [ 0.04314292],
       [-0.02664657]]), array([[ 0.11561689],
       [ 0.04447297],
       [-0.02616598]]), array([[ 0.1235669 ],
       [ 0.0362935 ],
       [-0.01797315]]), array([[ 0.14206428],
       [ 0.05932965],
       [-0.0240403 ]]), array([[ 0.07455489],
       [ 0.08316506],
       [-0.01441447]]), array([[ 0.07818326],
       [ 0.07595854],
       [-0.01530778]]), array([[ 0.04364956],
       [ 0.04362466],
       [-0.00968982]]), array([[0.03869631],
       [0.06563131],
       [0.02196602]]), array([[0.04669925],
       [0.07575168],
       [0.02100362]]), array([[0.05039855],
       [0.0835966 ],
       [0.02267519]]), array([[0.05366587],
       [0.09001395],
       [0.0231092 ]]), array([[0.05347337],
       [0.09759157],
       [0.02327509]]), array([[0.04725158],
       [0.10429126],
       [0.02232427]]), array([[0.0413675 ],
       [0.11091584],
       [0.02215078]]), array([[0.04112688],
       [0.11447656],
       [0.0235741 ]]), array([[0.04016897],
       [0.11474952],
       [0.02599604]]), array([[0.03962689],
       [0.11477705],
       [0.02572481]]), array([[0.03058622],
       [0.13599352],
       [0.02801415]]), array([[0.02334663],
       [0.14589694],
       [0.04366864]]), array([[ 0.15952032],
       [ 0.07207904],
       [-0.00728393]]), array([[ 0.16039695],
       [ 0.06166378],
       [-0.00072821]]), array([[0.17191983],
       [0.03029756],
       [0.00194686]]), array([[0.16655784],
       [0.03103532],
       [0.00059724]])] 
[array([[-12.46531346],
       [ 10.65930551],
       [ 24.10181069]]), array([[-12.44130235],
       [ 10.14132802],
       [ 23.88444195]]), array([[-12.41035061],
       [  9.55649006],
       [ 23.71016601]]), array([[-12.57625323],
       [  4.72461986],
       [ 23.19175762]]), array([[-12.7908319 ],
       [ -2.63128231],
       [ 22.00518947]]), array([[-13.39266391],
       [-12.34056597],
       [ 21.61719576]]), array([[-13.36543542],
       [-13.10145779],
       [ 21.5711408 ]]), array([[-16.656264  ],
       [-12.68654016],
       [ 19.69871662]]), array([[-20.71664009],
       [  4.12696155],
       [ 21.69531737]]), array([[-20.61483685],
       [  4.75818401],
       [ 21.7570872 ]]), array([[-20.49156817],
       [  5.50440288],
       [ 21.83720772]]), array([[ 5.05477868],
       [ 1.33168632],
       [21.32010972]]), array([[ 4.92505105],
       [ 0.17245292],
       [21.03853219]]), array([[ 4.72467014],
       [-5.18526004],
       [20.42971505]]), array([[ 4.61232764],
       [ 8.42172263],
       [24.75881209]]), array([[ 2.75653606],
       [-3.92921193],
       [16.60619155]]), array([[ 2.10033081],
       [-3.97702024],
       [12.58767732]]), array([[ 1.35408572],
       [-3.52844636],
       [11.85582147]]), array([[-1.48700836],
       [-3.53851067],
       [11.48854613]]), array([[-3.06994921],
       [-3.75907388],
       [11.62975172]]), array([[-8.90903942],
       [-2.80830077],
       [10.69383677]]), array([[-9.44437087],
       [-2.71387647],
       [10.56666502]]), array([[-9.99813862],
       [-2.62989573],
       [10.47444173]]), array([[-11.57081974],
       [ -2.37770342],
       [ 10.29219331]]), array([[-11.91243447],
       [ -2.36548386],
       [ 10.86774588]]), array([[-11.27841878],
       [ -2.41243011],
       [ 10.881156  ]]), array([[-10.66277879],
       [ -2.45551309],
       [ 10.91220834]]), array([[ 2.97027355],
       [-2.95138796],
       [11.27016925]]), array([[ 3.46998758],
       [-3.05988066],
       [11.32449945]]), array([[ 3.9429888 ],
       [-3.19276031],
       [11.40795797]]), array([[ 4.92245816],
       [-3.48162821],
       [11.6800492 ]]), array([[ 6.07136939],
       [-3.15697529],
       [13.56202827]]), array([[ 6.1076357 ],
       [ 2.25839671],
       [14.09009694]]), array([[ 4.03523006],
       [ 4.68355176],
       [15.59645193]]), array([[ 3.97837638],
       [-7.27743135],
       [14.26242076]]), array([[ 3.89634861],
       [-8.18533979],
       [14.305591  ]]), array([[ -1.92992275],
       [-11.25478488],
       [ 20.43048238]]), array([[-1.75508868],
       [-5.4603316 ],
       [21.63307184]]), array([[-2.14210108],
       [-2.16683036],
       [22.81918148]]), array([[-2.53354828],
       [ 0.08739078],
       [23.19278798]]), array([[-3.01619112],
       [12.30148136],
       [24.72712518]]), array([[-11.35310231],
       [ -5.36717715],
       [ 24.88397183]]), array([[-11.63652143],
       [ -2.42612796],
       [ 24.88457502]]), array([[-11.40237166],
       [ 10.54334764],
       [ 25.77971476]]), array([[-9.37988077e+00],
       [-1.64458689e-02],
       [ 1.90880997e+01]]), array([[-9.38750421],
       [-0.55142276],
       [19.0071057 ]]), array([[-9.40944899],
       [-2.41956329],
       [19.52001187]]), array([[-6.60359732],
       [-4.34289312],
       [27.93118885]]), array([[-12.25421883],
       [ -2.92080374],
       [ 26.619967  ]]), array([[-12.32660725],
       [ -2.63245601],
       [ 26.51115448]]), array([[ 2.10924598],
       [-4.0697396 ],
       [30.98949727]]), array([[ 4.90840896],
       [-3.21859746],
       [29.65528579]]), array([[ 5.04636724],
       [-2.94600279],
       [29.54705711]]), array([[ 5.18763687],
       [-2.91272272],
       [29.57718785]]), array([[ 5.27140721],
       [-2.80959936],
       [29.55715525]]), array([[-1.85598855],
       [-3.59888003],
       [29.34756094]]), array([[-2.53099521],
       [ 6.48449127],
       [30.92070656]]), array([[ -3.01573555],
       [-11.23370933],
       [ 28.08599712]]), array([[ -2.97259842],
       [-14.43546471],
       [ 28.36070535]]), array([[-4.40453165],
       [-9.19941037],
       [39.80383107]]), array([[-3.68855437],
       [-7.32002839],
       [43.0505465 ]]), array([[-3.69561838],
       [-6.97419563],
       [42.3994434 ]]), array([[-3.16227556],
       [-6.41213436],
       [37.00416853]]), array([[-2.86893149],
       [-6.19133801],
       [30.14268187]]), array([[-3.54119866],
       [-4.51416808],
       [14.95816031]]), array([[-3.60053435],
       [-4.44629288],
       [13.9534723 ]]), array([[-3.91096026],
       [-4.24256372],
       [12.2070133 ]]), array([[-3.84187337],
       [-4.09238253],
       [11.10723872]]), array([[-3.84702451],
       [-4.07414411],
       [10.92683005]]), array([[-3.8376542 ],
       [-4.03965505],
       [10.72905809]]), array([[-3.66882909],
       [-3.70353378],
       [ 8.98773156]]), array([[-3.96172581],
       [-3.57173067],
       [ 8.5865963 ]]), array([[-3.83054362],
       [-2.10347072],
       [ 8.7263074 ]]), array([[-3.85734333],
       [-1.90085904],
       [ 8.69369095]]), array([[-4.37527882],
       [-0.74740173],
       [ 7.52598016]]), array([[-4.63229338],
       [-0.84720147],
       [ 6.4223662 ]]), array([[-4.66343906],
       [-0.75598315],
       [ 6.16567652]]), array([[-4.70636814],
       [-0.73190556],
       [ 6.1471252 ]]), array([[-4.75904736],
       [-0.7326799 ],
       [ 6.18580382]]), array([[-4.82960365],
       [-0.80067977],
       [ 6.26576735]]), array([[-4.91038791],
       [-0.91635598],
       [ 6.36702417]]), array([[-4.97347027],
       [-1.0240742 ],
       [ 6.43791745]]), array([[-5.00997613],
       [-1.10486417],
       [ 6.45791689]]), array([[-5.01847333],
       [-1.17872715],
       [ 6.4781115 ]]), array([[-5.01261302],
       [-1.22846342],
       [ 6.49816432]]), array([[-4.83560973],
       [-1.60402978],
       [ 6.35246199]]), array([[-4.19688575],
       [-2.80663095],
       [ 7.59824145]]), array([[-4.84771638],
       [-1.36254386],
       [ 5.40492894]]), array([[-4.85330674],
       [-1.43532274],
       [ 5.30280663]]), array([[-4.95973795],
       [-1.67753897],
       [ 5.04182518]]), array([[-4.94096188],
       [-1.74222337],
       [ 5.07861691]])] 
