1024 x 768

Used initially

0.6702808257485787

[[613.96583825   0.         515.91096003]
 [  0.         611.84714228 331.82125218]
 [  0.           0.           1.        ]] 
[[-0.33212234  0.13364714  0.0004479  -0.00159172 -0.02811601]] 
[array([[ 0.13828458],
       [ 0.0171077 ],
       [-0.00781519]]), array([[ 1.05709216e-01],
       [-1.46148767e-03],
       [ 7.48262709e-05]]), array([[ 0.08304217],
       [-0.01865893],
       [-0.00661949]]), array([[ 0.06393529],
       [-0.02559576],
       [-0.01285135]]), array([[ 0.12176668],
       [-0.05802234],
       [ 0.03231323]]), array([[ 0.13695989],
       [-0.06217456],
       [ 0.02597312]]), array([[ 0.15154037],
       [-0.06584419],
       [ 0.02338545]]), array([[ 0.13679826],
       [-0.06814983],
       [ 0.01926185]]), array([[ 0.15014018],
       [-0.06689185],
       [ 0.01600392]]), array([[ 0.15364319],
       [-0.0675096 ],
       [ 0.00439933]]), array([[ 0.15549948],
       [-0.06102761],
       [-0.00528479]]), array([[ 0.15799284],
       [-0.05187801],
       [-0.00611577]]), array([[ 0.1533026 ],
       [-0.02603935],
       [ 0.00457639]]), array([[ 0.14174427],
       [-0.02367163],
       [ 0.0136079 ]]), array([[ 0.11999535],
       [-0.01631688],
       [ 0.02807578]]), array([[ 0.09632618],
       [-0.11852637],
       [ 0.03021661]]), array([[ 0.0887723 ],
       [-0.10969736],
       [ 0.036985  ]]), array([[ 0.09021946],
       [-0.12049484],
       [ 0.02983947]]), array([[ 0.09774926],
       [-0.15693242],
       [ 0.00665551]]), array([[ 0.10507547],
       [-0.1736382 ],
       [-0.02989737]]), array([[ 0.1037395 ],
       [-0.08667243],
       [-0.07149443]]), array([[-1.05963767e-01],
       [-2.18204979e-04],
       [ 3.11966143e+00]]), array([[ 0.08538424],
       [ 0.066287  ],
       [-3.12671419]]), array([[ 0.03103051],
       [-0.00641314],
       [ 0.03334199]]), array([[0.01441043],
       [0.00318741],
       [0.06409737]]), array([[0.29053531],
       [0.05181382],
       [0.02040204]]), array([[0.23074624],
       [0.15250299],
       [0.0329052 ]]), array([[0.24524238],
       [0.16591799],
       [0.07624671]]), array([[0.16299113],
       [0.13084933],
       [0.02668748]]), array([[0.18248232],
       [0.12013823],
       [0.0324066 ]]), array([[0.20876732],
       [0.11235198],
       [0.03911326]]), array([[0.26170245],
       [0.11396082],
       [0.04649772]]), array([[0.15881947],
       [0.29888046],
       [0.04709118]]), array([[0.14921334],
       [0.31522054],
       [0.04446833]]), array([[0.15442941],
       [0.31879651],
       [0.03918849]]), array([[0.14770918],
       [0.34031481],
       [0.02966243]]), array([[0.12674611],
       [0.43154531],
       [0.02083609]]), array([[0.11514694],
       [0.4013915 ],
       [0.02269579]]), array([[0.11436048],
       [0.38409507],
       [0.02023704]]), array([[0.11271839],
       [0.36470722],
       [0.0189065 ]]), array([[ 0.1045771 ],
       [ 0.1856204 ],
       [-0.01632345]]), array([[ 0.09793833],
       [ 0.15609866],
       [-0.01711727]]), array([[ 0.09884679],
       [ 0.13138141],
       [-0.0223838 ]]), array([[ 0.10691124],
       [ 0.11182673],
       [-0.02920862]]), array([[ 0.11880606],
       [ 0.08869802],
       [-0.03617885]]), array([[ 0.13550252],
       [ 0.06542762],
       [-0.04308481]]), array([[ 0.14248822],
       [ 0.04633204],
       [-0.05173167]]), array([[ 0.12647437],
       [ 0.0370084 ],
       [-0.05764109]]), array([[ 0.06578591],
       [ 0.06310448],
       [-0.05025771]]), array([[ 0.07266304],
       [ 0.06172521],
       [-0.04617645]]), array([[ 0.08273864],
       [ 0.06807313],
       [-0.04083971]]), array([[ 0.09058298],
       [ 0.07269127],
       [-0.03590561]]), array([[ 0.09625954],
       [ 0.08037401],
       [-0.03556169]]), array([[ 0.1015317 ],
       [ 0.08792365],
       [-0.0370999 ]]), array([[ 0.13636694],
       [ 0.14968797],
       [-0.00745947]]), array([[ 0.13201994],
       [ 0.14311899],
       [-0.00259047]]), array([[-0.21768856],
       [ 0.19702972],
       [-3.1280248 ]]), array([[ 0.13046957],
       [ 0.1200387 ],
       [-0.01531128]]), array([[ 0.11906651],
       [ 0.08773619],
       [-0.06175626]]), array([[ 0.11716746],
       [ 0.09283404],
       [-0.05835113]]), array([[ 0.11491102],
       [ 0.08740199],
       [-0.05617441]]), array([[ 0.11377401],
       [ 0.08272788],
       [-0.0538295 ]]), array([[ 0.11014399],
       [ 0.07609861],
       [-0.05085067]]), array([[ 0.11228923],
       [ 0.06279475],
       [-0.04997926]]), array([[ 0.11312242],
       [ 0.0538926 ],
       [-0.0667595 ]]), array([[ 0.11417023],
       [ 0.05229386],
       [-0.06837608]]), array([[ 0.11550179],
       [ 0.04153123],
       [-0.06787747]]), array([[ 0.11557429],
       [ 0.03559316],
       [-0.07098473]]), array([[ 0.1195766 ],
       [ 0.03235362],
       [-0.07356314]]), array([[ 0.11755644],
       [ 0.02681132],
       [-0.07903372]]), array([[ 0.11581838],
       [ 0.01875913],
       [-0.08525109]]), array([[ 0.11204477],
       [ 0.01386528],
       [-0.08644238]]), array([[ 0.09824506],
       [ 0.03548126],
       [-0.08676637]]), array([[ 0.09651131],
       [ 0.05724586],
       [-0.09879026]]), array([[ 0.09611538],
       [ 0.01502879],
       [-0.09687221]]), array([[ 0.09241913],
       [ 0.00792276],
       [-0.10325329]]), array([[ 0.02719503],
       [ 0.01051349],
       [-0.13629956]]), array([[ 0.04744741],
       [ 0.01619383],
       [-0.05848249]]), array([[ 0.10878876],
       [-0.00038484],
       [ 0.00483546]]), array([[0.17745992],
       [0.05072735],
       [0.03408011]]), array([[0.17780054],
       [0.05061574],
       [0.02745662]]), array([[0.18976962],
       [0.05370881],
       [0.01047967]]), array([[0.19056909],
       [0.05443518],
       [0.00681305]]), array([[0.18375726],
       [0.06170341],
       [0.00335933]]), array([[ 0.1797106 ],
       [ 0.07053319],
       [-0.00199557]]), array([[ 0.14029705],
       [ 0.08253408],
       [-0.01101697]]), array([[ 0.12768077],
       [ 0.09428613],
       [-0.02297075]]), array([[ 0.12605202],
       [ 0.09842949],
       [-0.02085807]]), array([[ 0.08367861],
       [ 0.09418695],
       [-0.02325354]]), array([[0.17845965],
       [0.1472467 ],
       [0.01038004]]), array([[0.08584836],
       [0.1605523 ],
       [0.03320622]]), array([[0.07520975],
       [0.16323319],
       [0.0448933 ]]), array([[0.07241357],
       [0.16157795],
       [0.05613159]]), array([[0.06199059],
       [0.16004344],
       [0.06164287]]), array([[0.05363759],
       [0.16477871],
       [0.06919166]]), array([[0.05500131],
       [0.15078284],
       [0.08235174]]), array([[0.10153201],
       [0.11090735],
       [0.03848729]]), array([[0.08082556],
       [0.02493934],
       [0.07037308]]), array([[0.09899916],
       [0.02373116],
       [0.07265745]]), array([[0.1457931 ],
       [0.02446626],
       [0.03094939]]), array([[0.16864279],
       [0.01822045],
       [0.00285925]]), array([[ 0.16684266],
       [ 0.01184017],
       [-0.01923888]]), array([[ 0.15360788],
       [ 0.01045821],
       [-0.02541599]]), array([[ 0.18525869],
       [-0.00428091],
       [-0.01286226]]), array([[ 0.16933529],
       [-0.00911463],
       [-0.01157863]]), array([[ 0.1624344 ],
       [-0.01236666],
       [-0.01955337]]), array([[ 0.03622155],
       [-0.13015559],
       [-0.06975736]]), array([[-0.01734068],
       [-0.12152812],
       [-0.10813668]]), array([[-0.02998456],
       [-0.1117973 ],
       [-0.1138165 ]]), array([[-0.02867878],
       [-0.10178779],
       [-0.12406321]]), array([[-0.03985011],
       [-0.10129548],
       [-0.13224331]]), array([[-0.04648954],
       [-0.09348329],
       [-0.11416969]]), array([[-0.04047894],
       [-0.09474347],
       [-0.11023141]]), array([[-0.04038354],
       [-0.01450986],
       [-0.06461624]]), array([[-0.09430457],
       [ 0.03702946],
       [ 0.07016376]]), array([[-0.08390616],
       [ 0.05287164],
       [ 0.04268586]]), array([[-0.06767477],
       [ 0.0162313 ],
       [-0.04786501]]), array([[ 0.13439761],
       [ 0.09042551],
       [-0.02726209]]), array([[ 0.17905786],
       [ 0.11416186],
       [-0.01877265]]), array([[0.21561408],
       [0.2369972 ],
       [0.02315463]]), array([[ 0.25640937],
       [ 0.34904849],
       [-0.02629784]]), array([[0.12463268],
       [0.30999744],
       [0.00883783]]), array([[ 0.10001277],
       [-0.05234568],
       [-0.02675332]]), array([[ 0.08958476],
       [-0.13277255],
       [-0.03517208]]), array([[ 0.08031928],
       [-0.17954945],
       [-0.04299929]]), array([[ 0.08764028],
       [-0.29749055],
       [-0.0514208 ]]), array([[ 0.08610409],
       [-0.36486547],
       [-0.05842957]]), array([[ 0.08935021],
       [-0.40997307],
       [-0.06256659]]), array([[ 0.06024479],
       [-0.49018817],
       [-0.14569996]]), array([[ 0.06279285],
       [-0.42446829],
       [-0.12800818]]), array([[ 0.06371654],
       [-0.36468555],
       [-0.10721009]]), array([[ 0.06745169],
       [-0.29529321],
       [-0.08288356]]), array([[ 0.07762429],
       [-0.21017206],
       [-0.05711911]]), array([[0.09439822],
       [0.26297596],
       [0.01155265]]), array([[0.13079511],
       [0.6139534 ],
       [0.04039923]]), array([[0.12202931],
       [1.03376682],
       [0.02131959]]), array([[0.15357304],
       [1.07052546],
       [0.02942768]]), array([[0.05659289],
       [0.72531107],
       [0.05483889]]), array([[-0.02757627],
       [ 0.21641127],
       [ 0.02200056]]), array([[-0.6106937 ],
       [ 0.06290675],
       [ 0.05541852]]), array([[-0.59634629],
       [ 0.05529532],
       [ 0.05507614]]), array([[-0.59194394],
       [ 0.05845602],
       [ 0.05617802]]), array([[0.08282315],
       [0.10829882],
       [0.02231637]]), array([[0.1550525 ],
       [0.10998334],
       [0.01007335]]), array([[0.17820044],
       [0.10385607],
       [0.00046958]]), array([[ 0.10841156],
       [ 0.07722502],
       [-0.05499806]]), array([[ 0.08121424],
       [ 0.06426505],
       [-0.04047904]]), array([[ 0.08708484],
       [ 0.05825607],
       [-0.03160269]]), array([[ 0.07412841],
       [ 0.04149285],
       [-0.04381696]]), array([[ 0.06995157],
       [-0.0031659 ],
       [-0.03822861]]), array([[ 0.07881588],
       [-0.00894974],
       [-0.04295445]]), array([[ 0.09237992],
       [-0.01624261],
       [-0.02849194]]), array([[ 0.09231216],
       [-0.01051911],
       [-0.03143397]]), array([[ 0.09104317],
       [-0.00845868],
       [-0.03236066]]), array([[ 0.09295039],
       [-0.00389598],
       [-0.03276013]]), array([[ 0.09925485],
       [ 0.00626161],
       [-0.03436429]]), array([[ 0.09751106],
       [ 0.01291228],
       [-0.03592536]]), array([[ 0.09871734],
       [ 0.01304186],
       [-0.03989626]]), array([[ 0.07132108],
       [ 0.04645025],
       [-0.00847227]]), array([[ 0.06830179],
       [ 0.04102501],
       [-0.00767288]]), array([[0.02668762],
       [0.13717857],
       [0.04343312]]), array([[0.03086422],
       [0.13943016],
       [0.03955807]]), array([[0.02997328],
       [0.13878359],
       [0.04610522]]), array([[0.03523962],
       [0.14731553],
       [0.04396643]]), array([[0.03381438],
       [0.1487509 ],
       [0.04459478]]), array([[0.03632528],
       [0.14247762],
       [0.03591041]]), array([[0.04688978],
       [0.15033119],
       [0.03165898]]), array([[0.14720092],
       [0.47790761],
       [0.00843196]])] 
[array([[-12.81153312],
       [  7.93527444],
       [ 23.92204893]]), array([[-12.85067386],
       [  6.35639547],
       [ 23.73662166]]), array([[-13.00568136],
       [  4.64778233],
       [ 23.58535158]]), array([[-13.092074  ],
       [  3.84071492],
       [ 23.50231166]]), array([[-13.02779186],
       [  0.69340868],
       [ 22.82556982]]), array([[-13.02778034],
       [  0.10438164],
       [ 22.68062303]]), array([[-11.03054666],
       [ -0.47259236],
       [ 22.66086647]]), array([[-13.08048296],
       [ -1.21363003],
       [ 22.54489389]]), array([[-13.14072573],
       [ -1.94671249],
       [ 22.44626218]]), array([[-13.20919399],
       [ -2.7106041 ],
       [ 22.38768898]]), array([[-13.22573503],
       [ -3.51728857],
       [ 22.35189999]]), array([[-13.25099938],
       [ -4.41276551],
       [ 22.35261135]]), array([[-13.37883125],
       [ -6.40434275],
       [ 22.32893681]]), array([[-11.48759825],
       [ -7.45014317],
       [ 22.31281977]]), array([[-13.68396774],
       [ -9.57000562],
       [ 22.16718859]]), array([[-15.99165628],
       [-10.32232632],
       [ 20.49318485]]), array([[-16.50274135],
       [ -8.46004063],
       [ 20.48947105]]), array([[-16.79397831],
       [ -7.50901355],
       [ 20.54998643]]), array([[-17.41446004],
       [ -5.81162877],
       [ 20.73498217]]), array([[-17.90309389],
       [ -4.23018728],
       [ 20.88635089]]), array([[-19.01216209],
       [  1.1307442 ],
       [ 21.64779984]]), array([[-13.62093443],
       [ 11.17592425],
       [ 22.96769713]]), array([[-13.26687132],
       [ 14.6720693 ],
       [ 23.56443211]]), array([[-18.0772903 ],
       [ 11.42499687],
       [ 23.70595206]]), array([[-16.27787699],
       [ 16.22760022],
       [ 24.81757731]]), array([[ 4.08772891],
       [-9.88427305],
       [19.9647572 ]]), array([[ 4.65686935],
       [-2.07261575],
       [23.01767603]]), array([[ 4.38634684],
       [ 1.38439754],
       [23.61310955]]), array([[ 4.15980593],
       [ 8.32393575],
       [25.12939835]]), array([[ 4.14761225],
       [ 9.35492583],
       [25.41158831]]), array([[ 4.15102202],
       [10.26250306],
       [25.65735432]]), array([[ 4.14882057],
       [13.39758481],
       [26.63269673]]), array([[ 4.01541085],
       [11.40156969],
       [25.80433521]]), array([[ 4.05843153],
       [10.12278208],
       [25.25771353]]), array([[ 4.02401883],
       [ 8.74294661],
       [24.58203274]]), array([[ 3.7830696 ],
       [ 4.60136537],
       [22.68305367]]), array([[ 3.22700833],
       [-2.69433637],
       [18.51724422]]), array([[ 2.4529755 ],
       [-3.97833111],
       [16.79889458]]), array([[ 2.31507446],
       [-4.2808111 ],
       [16.19056998]]), array([[ 2.2188305 ],
       [-4.51647575],
       [15.59859166]]), array([[ 1.96016556],
       [-4.44793371],
       [13.25101154]]), array([[ 1.92382611],
       [-4.23774647],
       [12.99797584]]), array([[ 1.87235743],
       [-4.01436472],
       [12.74817029]]), array([[ 1.74274301],
       [-3.8356225 ],
       [12.51428682]]), array([[ 1.48172075],
       [-3.6834849 ],
       [12.24525504]]), array([[ 1.14102014],
       [-3.56369648],
       [11.99121411]]), array([[ 0.74777398],
       [-3.48838348],
       [11.79440685]]), array([[ 0.33626429],
       [-3.48226098],
       [11.70904543]]), array([[-7.63180864],
       [-2.85232926],
       [10.62397371]]), array([[-8.72730655],
       [-2.68093343],
       [10.49931291]]), array([[-9.75776024],
       [-2.49798332],
       [10.39167275]]), array([[-10.27627844],
       [ -2.40932098],
       [ 10.33724487]]), array([[-10.78073165],
       [ -2.32545625],
       [ 10.28949128]]), array([[-11.26202225],
       [ -2.23659768],
       [ 10.22680398]]), array([[-12.04837085],
       [ -2.1694351 ],
       [ 10.87316952]]), array([[-11.41570758],
       [ -2.25480938],
       [ 10.85916869]]), array([[-5.76711002],
       [ 2.67242388],
       [10.79252224]]), array([[-6.74993808],
       [-2.61663514],
       [10.88140633]]), array([[-0.52478506],
       [-2.75114056],
       [11.20767436]]), array([[ 0.21208186],
       [-2.76081775],
       [11.26200422]]), array([[ 0.94117007],
       [-2.77827531],
       [11.29722944]]), array([[ 1.62694577],
       [-2.8093511 ],
       [11.32940702]]), array([[ 2.23903894],
       [-2.88113566],
       [11.38958417]]), array([[ 3.2603821 ],
       [-3.09357099],
       [11.51041435]]), array([[ 4.19650946],
       [-3.36189308],
       [11.68706042]]), array([[ 4.68342396],
       [-3.5074958 ],
       [11.79263774]]), array([[ 5.55710307],
       [-3.76949705],
       [11.95935494]]), array([[ 5.97827656],
       [-3.88676322],
       [12.05329175]]), array([[ 6.40517006],
       [-3.99283194],
       [12.15934473]]), array([[ 6.81634204],
       [-4.12249403],
       [12.28257   ]]), array([[ 7.21379249],
       [-4.23471194],
       [12.40520406]]), array([[ 7.57058557],
       [-4.34957473],
       [12.5350632 ]]), array([[ 7.92394593],
       [-4.42861578],
       [12.75856508]]), array([[ 8.44859326],
       [-4.55271361],
       [13.3039981 ]]), array([[ 8.1371698 ],
       [-4.46218998],
       [13.18540547]]), array([[ 7.3601163 ],
       [-3.74872361],
       [13.2155535 ]]), array([[ 5.8292598 ],
       [-3.20351379],
       [13.82286227]]), array([[ 5.39917129],
       [-1.98922508],
       [13.7180264 ]]), array([[ 5.66295678],
       [ 1.59568209],
       [14.18301942]]), array([[ 3.79805274],
       [ 5.60180169],
       [16.07791275]]), array([[ 3.73819796],
       [ 4.61181518],
       [15.81263226]]), array([[ 3.98129077],
       [ 1.61797532],
       [15.10878204]]), array([[ 4.02568347],
       [ 0.9146267 ],
       [14.96705268]]), array([[ 4.08601043],
       [ 0.16897998],
       [14.87130549]]), array([[ 4.13277594],
       [-0.66381637],
       [14.78407295]]), array([[ 4.1351973 ],
       [-3.63945197],
       [14.52040579]]), array([[ 3.98569737],
       [-5.56335262],
       [14.43854474]]), array([[ 3.85816522],
       [-6.48205296],
       [14.43820318]]), array([[ 3.63685742],
       [-8.23485137],
       [14.55488381]]), array([[-2.34481668],
       [-9.35199828],
       [20.89246764]]), array([[-2.24056208],
       [-3.75652975],
       [22.58689581]]), array([[-2.31290994],
       [-3.24701737],
       [22.78153334]]), array([[-2.42099548],
       [-2.76644974],
       [22.93822615]]), array([[-2.53739618],
       [-2.23972158],
       [23.08129337]]), array([[-2.65937329],
       [-1.6497334 ],
       [23.24788196]]), array([[-3.10073435],
       [ 1.21698768],
       [23.55912258]]), array([[-1.58508821],
       [ 7.20985779],
       [24.10708121]]), array([[-5.2389571 ],
       [11.6597526 ],
       [25.31488107]]), array([[-5.41067461],
       [10.14576802],
       [25.01297614]]), array([[-5.60624078],
       [ 3.58977869],
       [23.9536897 ]]), array([[-5.6831394 ],
       [ 2.30700241],
       [23.7474929 ]]), array([[-5.77237107],
       [ 0.98305813],
       [23.61055115]]), array([[-5.86340827],
       [-0.42922658],
       [23.47764094]]), array([[-6.19244865],
       [-4.19254013],
       [22.94493049]]), array([[-6.34007933],
       [-5.10302502],
       [22.80814489]]), array([[-6.48004343],
       [-6.01399639],
       [22.70469727]]), array([[-9.73248748],
       [-6.00699329],
       [25.45545542]]), array([[-10.10844486],
       [ -3.27451817],
       [ 25.56498509]]), array([[-10.11336836],
       [ -2.18833549],
       [ 25.47811015]]), array([[-10.08579578],
       [ -1.62772452],
       [ 25.47816635]]), array([[-10.02753504],
       [ -0.40433029],
       [ 25.51170528]]), array([[-12.14580713],
       [  4.68751654],
       [ 25.45095706]]), array([[-12.16615832],
       [  5.42248072],
       [ 25.47014352]]), array([[-11.54635664],
       [ 11.90073382],
       [ 26.4327686 ]]), array([[-7.48962621],
       [ 8.93142907],
       [26.24746762]]), array([[-7.51665395],
       [ 7.62741704],
       [25.41672819]]), array([[-7.40079965],
       [ 2.26612858],
       [20.73784139]]), array([[-7.72694111],
       [-0.66118592],
       [19.02585314]]), array([[-7.73303365],
       [-1.14523227],
       [18.93576143]]), array([[-7.56948947],
       [-2.90235264],
       [20.70012838]]), array([[-5.22659961],
       [-4.66039524],
       [28.38984804]]), array([[-5.65266122],
       [-5.03648372],
       [29.21476544]]), array([[-7.46283521],
       [-4.79290986],
       [28.63352037]]), array([[-7.68754758],
       [-4.69161345],
       [28.55790071]]), array([[-9.89814361],
       [-4.47570065],
       [28.20256484]]), array([[-10.06869661],
       [ -4.31110752],
       [ 27.85714622]]), array([[-10.28575043],
       [ -4.15883327],
       [ 27.6820001 ]]), array([[-10.46099241],
       [ -4.00203536],
       [ 27.53056461]]), array([[-11.98012745],
       [ -3.10884536],
       [ 28.42938631]]), array([[-11.709975  ],
       [ -3.27820921],
       [ 28.78665516]]), array([[-11.36554477],
       [ -3.47915868],
       [ 29.11497239]]), array([[-10.91927481],
       [ -3.6874383 ],
       [ 29.39520107]]), array([[-10.35946803],
       [ -3.86681613],
       [ 29.64073133]]), array([[-4.11211111],
       [-4.61632194],
       [30.83559488]]), array([[ 2.77283012],
       [-4.01280813],
       [30.06456024]]), array([[ 5.56805869],
       [-3.07266585],
       [28.29861257]]), array([[ 5.81948192],
       [-2.73268864],
       [28.42321023]]), array([[ 3.794702  ],
       [-3.59180286],
       [29.29067318]]), array([[-0.81767959],
       [-3.72161435],
       [29.12472481]]), array([[-3.07103337],
       [ 7.38863907],
       [31.48009996]]), array([[-2.96233899],
       [ 7.46944863],
       [31.45301903]]), array([[-2.95159677],
       [ 7.47260835],
       [31.45556027]]), array([[-3.04940515],
       [ 0.64074763],
       [30.41361734]]), array([[-3.08139632],
       [-0.20170099],
       [30.24386173]]), array([[-3.10902982],
       [-1.03106715],
       [30.17423068]]), array([[-4.43084804],
       [-7.69813612],
       [43.68655361]]), array([[-4.2257191 ],
       [-6.89703693],
       [41.0233691 ]]), array([[-1.08233415],
       [-6.60474765],
       [33.50988971]]), array([[-3.58921133],
       [-6.22996452],
       [29.52979681]]), array([[-4.35373395],
       [-5.86452582],
       [25.5713614 ]]), array([[-4.88983768],
       [-5.22460881],
       [21.24782713]]), array([[-4.61432255],
       [-5.16470404],
       [19.25774208]]), array([[-4.55563204],
       [-5.0842969 ],
       [18.97832214]]), array([[-4.51837746],
       [-5.00735137],
       [18.67801418]]), array([[-4.48679788],
       [-4.93551658],
       [18.36566065]]), array([[-4.32431333],
       [-4.80911282],
       [17.5084824 ]]), array([[-4.27150608],
       [-4.78110899],
       [17.25905057]]), array([[-4.24764324],
       [-4.73889204],
       [16.99718036]]), array([[-2.0496315 ],
       [-1.44186941],
       [ 8.69875708]]), array([[-2.0663669 ],
       [-1.35688491],
       [ 8.67548347]]), array([[-2.34739025],
       [-2.73735654],
       [ 7.38037568]]), array([[-2.24840926],
       [-2.71344847],
       [ 7.41959215]]), array([[-2.14400664],
       [-2.78060943],
       [ 7.48755394]]), array([[-2.18629626],
       [-2.87042987],
       [ 7.72100603]]), array([[-2.27693319],
       [-2.87040226],
       [ 7.81773968]]), array([[-2.44812505],
       [-2.75886256],
       [ 7.83492885]]), array([[-2.78284525],
       [-2.5814504 ],
       [ 7.58590131]]), array([[-4.95973735],
       [ 1.76225144],
       [19.02035768]])] 
