
1024 x 768

0.662036707986057
[[601.59978433   0.         499.69485092]
 [  0.         600.77908777 346.63798532]
 [  0.           0.           1.        ]] 
[[-0.32451825  0.12611558  0.00137713  0.00110872 -0.0260108 ]] 
[array([[-0.00457196],
       [-0.07359047],
       [ 3.10836489]]), array([[ 1.65943591],
       [ 0.55611711],
       [-2.4383853 ]]), array([[ 0.0327917 ],
       [ 0.21147846],
       [-3.12844596]]), array([[ 1.07018562],
       [-0.41018493],
       [ 2.79342112]]), array([[-0.73964449],
       [-0.76862528],
       [ 2.61681167]]), array([[-0.98219903],
       [-0.84978135],
       [-2.27902534]]), array([[ 1.78885156],
       [ 0.39938396],
       [-2.48957227]]), array([[ 1.02808946],
       [-0.09528847],
       [ 2.94647726]]), array([[ 0.05145995],
       [ 0.09267347],
       [-3.12075161]]), array([[ 1.56815006],
       [ 0.01792616],
       [-2.52455847]]), array([[ 0.83271457],
       [ 0.66895174],
       [-2.87256938]]), array([[-0.73308931],
       [-0.55962798],
       [-2.43460366]]), array([[-0.0470038 ],
       [-0.77264087],
       [ 2.99131277]]), array([[-1.46834995],
       [-0.04380964],
       [-2.67722799]]), array([[-0.55588519],
       [ 0.69059765],
       [ 2.95661296]]), array([[-0.7529346 ],
       [-0.49900249],
       [-2.55554166]]), array([[-1.21306116],
       [ 0.54791963],
       [-2.50853157]]), array([[-1.23732371],
       [ 0.56397641],
       [-2.45630875]]), array([[ 0.03525084],
       [-0.12382395],
       [ 3.0982517 ]]), array([[-1.29683638],
       [ 0.01461755],
       [-2.82320395]]), array([[-1.0443241 ],
       [-0.80297703],
       [ 2.82865197]]), array([[-0.15728558],
       [-0.16516165],
       [ 3.10159229]]), array([[-1.66070347],
       [-0.02758305],
       [ 2.42707457]]), array([[-1.50554142],
       [-0.48532934],
       [-2.56897826]]), array([[-0.03422561],
       [-0.00979634],
       [ 3.14106516]]), array([[ 0.07924662],
       [ 0.21204589],
       [-3.11760164]]), array([[-1.05828155],
       [ 0.93890481],
       [ 2.73900648]]), array([[-0.00543604],
       [-0.06313992],
       [ 3.12744865]]), array([[-0.27678921],
       [-0.67261083],
       [ 3.01728774]]), array([[-1.13132471],
       [-0.07042868],
       [-2.83278002]]), array([[-1.31421542],
       [-0.12740602],
       [ 2.67437137]]), array([[-1.22201907],
       [-0.86064444],
       [-2.49371552]]), array([[ 0.10347243],
       [-0.20067376],
       [ 3.06624788]]), array([[-0.10752114],
       [ 0.97875048],
       [ 2.63907197]]), array([[ 0.0585098 ],
       [-0.21984021],
       [ 3.0913232 ]]), array([[-1.10518645],
       [-0.08844906],
       [ 2.9407926 ]]), array([[-0.20486464],
       [-0.02117137],
       [ 2.74605866]]), array([[-0.40456891],
       [-0.63727721],
       [ 3.00691513]]), array([[-0.09476361],
       [-0.38943988],
       [ 2.87351973]]), array([[-1.28993871],
       [ 0.05940498],
       [-2.82134785]]), array([[ 1.81945735],
       [ 0.43672972],
       [-2.47367768]]), array([[-0.12614467],
       [-0.14879567],
       [ 3.1141336 ]]), array([[-0.22764113],
       [-0.01842347],
       [ 2.72742504]]), array([[-1.04321581],
       [ 0.54053253],
       [ 2.4526879 ]]), array([[ 0.11441063],
       [-0.2217735 ],
       [ 3.0664482 ]]), array([[-0.37848602],
       [-0.13991715],
       [ 2.94727036]]), array([[-1.54736612],
       [ 0.94483095],
       [ 2.32164221]]), array([[ 1.76114121],
       [ 0.60455657],
       [-2.32126228]]), array([[ 0.02122735],
       [ 0.13297212],
       [-3.06270077]]), array([[-0.10894717],
       [-0.68658039],
       [ 2.87252264]]), array([[-0.05530071],
       [ 0.12888803],
       [-3.1136473 ]]), array([[-1.42263483],
       [-0.04185235],
       [-2.71374885]]), array([[-0.74487123],
       [-0.53820571],
       [-2.42834956]]), array([[ 1.05617486],
       [ 1.01275246],
       [-2.57029275]]), array([[-1.06580419],
       [-1.24890384],
       [-2.10134122]]), array([[ 1.2138159 ],
       [ 0.42211108],
       [-2.44556839]]), array([[ 0.05694909],
       [-0.13364782],
       [ 3.0944555 ]]), array([[-0.0666836 ],
       [-0.11018332],
       [ 3.08709248]])] 
[array([[5.27351137],
       [3.24559783],
       [8.00760396]]), array([[-5.75365468],
       [-1.09564065],
       [18.46272475]]), array([[3.93402108],
       [3.10866601],
       [6.54694756]]), array([[ 8.65903392],
       [ 3.66987548],
       [11.11100301]]), array([[ 3.74261759],
       [-2.38479932],
       [26.5240906 ]]), array([[ 7.68408845],
       [ 9.6990511 ],
       [12.52348085]]), array([[-5.97266097],
       [-1.6665483 ],
       [18.33078741]]), array([[20.0289385 ],
       [-4.53716371],
       [20.99710909]]), array([[ 2.66159676],
       [ 2.01694732],
       [43.60933375]]), array([[-3.21882521],
       [ 0.9560542 ],
       [20.65902802]]), array([[ 4.62249683],
       [ 3.46966558],
       [14.47958681]]), array([[2.49252852],
       [4.3116356 ],
       [8.03790819]]), array([[ 4.56974359],
       [ 1.65489982],
       [16.38149644]]), array([[3.28208294],
       [2.67303333],
       [4.60298326]]), array([[-10.3760074 ],
       [ 10.61043541],
       [ 23.70363255]]), array([[3.71640753],
       [4.15576807],
       [9.51985261]]), array([[10.5655789 ],
       [ 4.64651461],
       [16.51763795]]), array([[10.57942461],
       [ 5.20330198],
       [16.28367381]]), array([[4.20029419],
       [3.14654312],
       [7.74295659]]), array([[3.17286617],
       [3.45276866],
       [6.14807813]]), array([[ 1.66786306],
       [ 1.78628347],
       [19.5324772 ]]), array([[ 4.82064858],
       [ 3.31245914],
       [11.18179216]]), array([[-0.55415654],
       [ 1.47885325],
       [17.25372417]]), array([[2.77435703],
       [1.60499055],
       [5.91371468]]), array([[ 3.99520858],
       [ 3.45209608],
       [14.62090602]]), array([[4.11835988],
       [3.74692868],
       [7.27796074]]), array([[-6.7929433 ],
       [13.06541268],
       [19.92539659]]), array([[5.28069309],
       [3.48665706],
       [7.52116724]]), array([[ 6.4346864 ],
       [ 0.0639032 ],
       [27.27430846]]), array([[12.96143501],
       [ 7.7966348 ],
       [31.36983129]]), array([[ 3.40649093],
       [ 2.08375791],
       [16.63179811]]), array([[ 8.76395628],
       [ 7.15652022],
       [11.79285431]]), array([[3.77033393],
       [2.86594385],
       [5.74609874]]), array([[-3.21973867],
       [ 8.75376345],
       [16.17398479]]), array([[4.56588342],
       [2.80183932],
       [7.5398067 ]]), array([[-1.49726721],
       [ 1.61711796],
       [18.45550693]]), array([[ 5.93954096],
       [ 0.53542869],
       [12.00693812]]), array([[-0.44082636],
       [-1.28734934],
       [13.2072753 ]]), array([[ 4.66220664],
       [-0.26791604],
       [10.54406947]]), array([[3.03771482],
       [3.6518672 ],
       [5.68994565]]), array([[-6.81681637],
       [-0.36245138],
       [17.61864361]]), array([[ 4.60533138],
       [ 3.19233578],
       [11.1483396 ]]), array([[ 5.94906416],
       [ 0.4561912 ],
       [12.17029657]]), array([[-1.44537275],
       [ 3.81659736],
       [19.98660738]]), array([[3.71346208],
       [2.74589374],
       [5.7308409 ]]), array([[ 3.3242246 ],
       [ 0.95059637],
       [14.73363935]]), array([[-9.95697618],
       [11.68018806],
       [25.36489713]]), array([[-5.47492487],
       [-0.90803584],
       [19.09097086]]), array([[ 7.93333396],
       [ 2.9250595 ],
       [13.63279156]]), array([[ 5.61140773],
       [-0.85015494],
       [24.45482795]]), array([[6.81709868],
       [3.61105401],
       [6.33077811]]), array([[3.67026875],
       [2.6123633 ],
       [5.5594139 ]]), array([[1.74718133],
       [4.4052152 ],
       [5.68871586]]), array([[ 0.0728031 ],
       [ 1.01869311],
       [15.72569644]]), array([[ 7.83654156],
       [ 8.38413706],
       [11.8767011 ]]), array([[-1.81533362],
       [ 1.21821499],
       [18.99054548]]), array([[3.83662239],
       [3.28505393],
       [5.53310275]]), array([[ 4.35048758],
       [ 2.90499618],
       [12.29260373]])] 
