Not used
1280 x 720

1.3296923447750228
[[1.23025343e+03 0.00000000e+00 6.55866596e+02]
 [0.00000000e+00 1.22673613e+03 3.39850021e+02]
 [0.00000000e+00 0.00000000e+00 1.00000000e+00]] 
[[ 1.96119033e-01 -1.49943333e+00 -2.22674556e-03  6.33745861e-04
   3.15594549e+00]] 
[array([[-0.08737811],
       [ 0.06757944],
       [-0.09923307]]), array([[ 0.12293236],
       [-0.23289036],
       [-0.05312312]]), array([[-0.21755345],
       [-0.00296379],
       [-0.04678422]]), array([[-0.2209367 ],
       [-0.02095982],
       [-0.06198318]]), array([[-0.29546047],
       [-0.01476489],
       [-0.05495957]]), array([[-0.28780714],
       [-0.0310628 ],
       [-0.05190205]]), array([[-0.27414816],
       [-0.01933502],
       [-0.05434975]]), array([[-0.28082241],
       [ 0.00138869],
       [-0.04752083]]), array([[-0.33772003],
       [-0.0114317 ],
       [-0.04041206]]), array([[-0.38068501],
       [-0.03638955],
       [-0.03971445]]), array([[-0.34506257],
       [-0.02756179],
       [-0.04809818]]), array([[-0.31933308],
       [-0.03031873],
       [-0.06226186]]), array([[0.10058529],
       [0.43641782],
       [3.06580874]]), array([[0.04466555],
       [0.35693609],
       [3.06711301]]), array([[0.02986675],
       [0.32232182],
       [3.06879545]]), array([[-0.00560606],
       [ 0.29529252],
       [ 3.06765173]]), array([[-0.04967595],
       [ 0.27564807],
       [ 3.0636355 ]]), array([[-0.07804615],
       [ 0.26841046],
       [ 3.05869708]]), array([[-0.08095083],
       [ 0.27592296],
       [ 3.05916773]]), array([[-0.10387251],
       [ 0.29150679],
       [ 3.06074396]]), array([[-0.12972558],
       [ 0.30685135],
       [ 3.06312957]]), array([[-0.14581597],
       [ 0.33005265],
       [ 3.06016274]]), array([[-0.13880918],
       [ 0.33845886],
       [ 3.0568185 ]]), array([[-0.11708383],
       [ 0.33256996],
       [ 3.06138005]]), array([[-0.11033819],
       [ 0.28775276],
       [ 3.06293476]]), array([[0.05801697],
       [0.35801136],
       [3.05211428]]), array([[0.0550943 ],
       [0.32285553],
       [3.06549246]]), array([[0.05791503],
       [0.29955438],
       [3.0785496 ]]), array([[0.05904849],
       [0.29399131],
       [3.07920392]]), array([[0.06046414],
       [0.31897646],
       [3.07554894]]), array([[0.05684586],
       [0.31959293],
       [3.07511757]]), array([[0.04632589],
       [0.28444854],
       [3.06393963]]), array([[0.0564905 ],
       [0.25669166],
       [3.06326572]]), array([[0.07273752],
       [0.22296934],
       [3.07022055]]), array([[0.06382518],
       [0.17852134],
       [3.07554731]]), array([[0.06032102],
       [0.14636803],
       [3.08303219]]), array([[0.02916932],
       [0.08405085],
       [3.08988692]]), array([[0.02733574],
       [0.07275774],
       [3.09039823]]), array([[0.02557287],
       [0.06965994],
       [3.09635742]]), array([[0.01116969],
       [0.09373381],
       [3.09649922]]), array([[0.01045986],
       [0.09937465],
       [3.10151418]]), array([[0.00625579],
       [0.11423739],
       [3.10635494]]), array([[0.00644119],
       [0.12620265],
       [3.10740183]]), array([[0.01223852],
       [0.13346127],
       [3.10485024]]), array([[0.02758455],
       [0.1485216 ],
       [3.10062208]]), array([[-0.15457465],
       [ 0.04426075],
       [-0.04162212]]), array([[0.09146609],
       [0.24833868],
       [3.08852037]]), array([[-0.20846288],
       [ 0.05166048],
       [-0.04451514]]), array([[-0.07753283],
       [ 0.11360376],
       [ 3.0677446 ]]), array([[-0.096286  ],
       [ 0.15225001],
       [ 3.07238891]]), array([[-0.08749117],
       [-0.05800991],
       [-0.05703802]]), array([[-0.09733031],
       [ 0.18344685],
       [ 3.07908837]]), array([[-0.1060429 ],
       [ 0.19497987],
       [ 3.07856112]]), array([[-0.10908438],
       [ 0.20196886],
       [ 3.07842038]]), array([[-0.11904708],
       [ 0.2171097 ],
       [ 3.07573568]]), array([[-0.09899486],
       [ 0.21486619],
       [ 3.09102724]]), array([[-0.08641517],
       [ 0.20598557],
       [ 3.09777775]]), array([[-0.07976518],
       [ 0.19259122],
       [ 3.10361135]]), array([[-0.07331972],
       [ 0.19508954],
       [ 3.10619601]]), array([[-0.07614801],
       [ 0.20087133],
       [ 3.11071837]]), array([[-0.08105426],
       [ 0.20694051],
       [ 3.11236607]]), array([[-0.07830843],
       [ 0.20484384],
       [ 3.1138667 ]]), array([[-0.07515973],
       [ 0.18734926],
       [ 3.11561441]]), array([[-0.07891119],
       [ 0.19201133],
       [ 3.11447631]]), array([[-0.0832867 ],
       [ 0.19882119],
       [ 3.11131332]]), array([[-0.06521706],
       [ 0.18051797],
       [ 3.11239628]]), array([[-0.06336927],
       [ 0.17264535],
       [ 3.11657536]]), array([[-0.03015017],
       [ 0.12060782],
       [ 3.10975663]]), array([[-0.11864508],
       [ 0.14262357],
       [ 3.1151561 ]]), array([[-0.23316132],
       [ 0.1604088 ],
       [ 3.11516551]]), array([[-0.37364009],
       [ 0.15235287],
       [ 3.10572406]]), array([[-0.10944726],
       [-0.33023228],
       [-0.0101846 ]]), array([[-0.10989253],
       [-0.34703985],
       [-0.0084828 ]]), array([[-0.10376189],
       [-0.35255596],
       [-0.0078292 ]]), array([[-0.10737801],
       [-0.36606489],
       [-0.01062646]]), array([[-0.11320633],
       [-0.38691568],
       [-0.01809086]]), array([[-0.11943885],
       [-0.41251419],
       [-0.02385809]]), array([[-0.12281235],
       [-0.43205546],
       [-0.025497  ]]), array([[-0.69500643],
       [ 0.20309058],
       [ 3.02696584]]), array([[-0.719307  ],
       [ 0.19903954],
       [ 3.01969418]]), array([[-0.73476666],
       [ 0.19494612],
       [ 3.01452861]]), array([[-0.76298455],
       [ 0.19121669],
       [ 3.00473332]]), array([[-0.77936672],
       [ 0.17501334],
       [ 3.00294633]]), array([[-0.81260377],
       [ 0.72544059],
       [ 2.81637471]]), array([[-0.51758578],
       [ 0.8745638 ],
       [ 2.85411296]]), array([[0.29793394],
       [0.24383124],
       [3.01427973]]), array([[0.36175577],
       [0.24064824],
       [2.99269833]]), array([[0.4475868 ],
       [0.15919774],
       [2.97736315]]), array([[0.48094845],
       [0.09858167],
       [2.97355787]]), array([[0.47915725],
       [0.00711369],
       [2.97881768]]), array([[0.52128871],
       [0.16352246],
       [2.94324056]]), array([[0.48256614],
       [0.21938125],
       [2.94712056]]), array([[0.45220357],
       [0.24920594],
       [2.95522586]]), array([[0.4309095 ],
       [0.25037214],
       [2.95386304]]), array([[0.41245575],
       [0.23849098],
       [2.95327543]]), array([[0.41166525],
       [0.28581393],
       [2.95748571]]), array([[0.44119975],
       [0.39081251],
       [2.95716951]]), array([[0.48719921],
       [0.42216183],
       [2.9628866 ]]), array([[0.04379295],
       [0.27532944],
       [3.00385221]]), array([[0.02263721],
       [0.58529285],
       [2.98970341]]), array([[0.05592427],
       [0.62731743],
       [3.0401708 ]]), array([[0.02393549],
       [0.70197794],
       [3.02856717]]), array([[-0.36114424],
       [ 0.39611226],
       [ 3.06545399]]), array([[-0.3568282 ],
       [ 0.39238697],
       [ 3.07169919]]), array([[-0.28056749],
       [-0.43145555],
       [-0.04077997]]), array([[0.12378468],
       [0.80889181],
       [2.94691756]]), array([[0.12662218],
       [0.78339429],
       [2.95175755]]), array([[0.12193526],
       [0.74608555],
       [2.95544183]]), array([[0.14767236],
       [0.70010578],
       [2.96564624]]), array([[0.78340304],
       [0.49756331],
       [2.86482791]]), array([[1.02152056],
       [0.40813346],
       [2.81758811]]), array([[1.11308573],
       [0.44746021],
       [2.76219343]]), array([[1.06251486],
       [0.48787307],
       [2.77740719]]), array([[1.0220674 ],
       [0.51649547],
       [2.79343941]]), array([[0.98066376],
       [0.5364953 ],
       [2.81059784]]), array([[0.94312558],
       [0.57888515],
       [2.81749605]]), array([[0.81139997],
       [0.65302148],
       [2.84960382]]), array([[0.14984538],
       [0.78261985],
       [2.95974324]]), array([[0.06742253],
       [0.76362518],
       [2.97386073]]), array([[-0.19313417],
       [ 1.39582361],
       [ 2.73572376]]), array([[-0.1405204 ],
       [ 1.80802881],
       [ 2.48250261]]), array([[-0.13240797],
       [ 1.841631  ],
       [ 2.46289587]]), array([[-0.12646688],
       [ 1.8503955 ],
       [ 2.45719937]]), array([[-0.11080237],
       [ 1.80484858],
       [ 2.48393569]]), array([[-0.01042216],
       [ 1.14750157],
       [ 2.80649543]]), array([[0.07743474],
       [0.57163262],
       [3.02364355]]), array([[-0.03411938],
       [ 0.32533941],
       [ 2.96545873]]), array([[-0.20401075],
       [-0.59032841],
       [-3.05691009]]), array([[-0.41674912],
       [-0.15493242],
       [-0.07407676]]), array([[-0.42643808],
       [-0.17493882],
       [-0.07069158]]), array([[-0.43735855],
       [-0.17656178],
       [-0.06907408]]), array([[-0.43818368],
       [-0.1688649 ],
       [-0.07290154]]), array([[-0.4434141 ],
       [-0.167072  ],
       [-0.07433781]]), array([[-0.44718382],
       [-0.15916342],
       [-0.07761698]]), array([[-0.43853274],
       [-0.15127498],
       [-0.08425571]]), array([[-0.43138588],
       [-0.15833173],
       [-0.08680867]]), array([[-0.41422995],
       [-0.10330371],
       [-0.11569327]]), array([[-0.42389186],
       [-0.08974964],
       [-0.1118735 ]]), array([[-0.43937199],
       [-0.07756697],
       [-0.11679447]]), array([[-0.43201405],
       [-0.0671652 ],
       [-0.12215088]]), array([[-0.42835293],
       [-0.06350283],
       [-0.15602756]]), array([[-0.42167302],
       [-0.0611333 ],
       [-0.1632793 ]]), array([[-0.42403635],
       [-0.05801295],
       [-0.17345656]]), array([[-0.43252862],
       [-0.06378227],
       [-0.22449089]]), array([[-0.43729632],
       [-0.06162111],
       [-0.23212902]]), array([[-0.43798967],
       [-0.06785978],
       [-0.2398266 ]]), array([[-0.43661165],
       [-0.06799148],
       [-0.24295398]]), array([[0.02803058],
       [0.83465785],
       [2.92319233]]), array([[0.04583381],
       [0.81086086],
       [2.93289328]]), array([[0.03030262],
       [0.78667275],
       [2.94108619]]), array([[0.08612966],
       [0.53177719],
       [3.05329041]]), array([[0.02233374],
       [0.43603988],
       [3.04295738]]), array([[0.00924164],
       [0.44725757],
       [3.03804444]]), array([[0.00718135],
       [0.53311255],
       [3.0158574 ]]), array([[0.02805259],
       [0.47404118],
       [3.04268272]]), array([[0.04699169],
       [0.45785397],
       [3.06695489]]), array([[0.06157429],
       [0.45904103],
       [3.09254042]]), array([[-0.05504271],
       [-0.45959478],
       [-3.07922752]]), array([[-0.05182274],
       [-0.45467597],
       [-3.0648962 ]]), array([[-0.04933763],
       [-0.4431356 ],
       [-3.0392863 ]]), array([[-0.04974152],
       [-0.43928315],
       [-3.0391525 ]]), array([[-0.03727009],
       [-0.43281669],
       [-3.04463955]]), array([[0.05464667],
       [0.4826879 ],
       [3.08742395]]), array([[0.08532162],
       [0.44243391],
       [3.07372863]]), array([[0.08512199],
       [0.44877232],
       [3.0689649 ]]), array([[0.07879999],
       [0.4741388 ],
       [3.06401849]]), array([[0.07797168],
       [0.47812577],
       [3.06391872]]), array([[0.08335952],
       [0.46426521],
       [3.06736265]]), array([[0.09071086],
       [0.45249115],
       [3.06894218]]), array([[0.09550838],
       [0.45537909],
       [3.07146492]]), array([[0.09295658],
       [0.46686442],
       [3.06920394]]), array([[0.0925871 ],
       [0.46506273],
       [3.06451396]]), array([[0.1011476 ],
       [0.44502486],
       [3.06596647]]), array([[0.1034953 ],
       [0.42753413],
       [3.07004683]]), array([[0.10669804],
       [0.42519633],
       [3.07157697]]), array([[0.10790208],
       [0.42491149],
       [3.07156449]]), array([[0.09485496],
       [0.469145  ],
       [3.06533376]]), array([[0.08835976],
       [0.54075721],
       [3.05013544]]), array([[0.09164622],
       [0.52704744],
       [3.05302633]]), array([[0.0984457 ],
       [0.53034854],
       [3.04898612]]), array([[0.10206192],
       [0.5515228 ],
       [3.0452977 ]]), array([[0.10540356],
       [0.5492343 ],
       [3.03449332]]), array([[0.10370261],
       [0.55554123],
       [3.03210306]]), array([[0.15024319],
       [0.42751437],
       [3.04966365]]), array([[0.27233041],
       [0.31980692],
       [3.05126567]]), array([[0.21085287],
       [0.32203065],
       [3.06992283]]), array([[0.06430323],
       [0.33416727],
       [3.09501931]]), array([[0.02086718],
       [0.33123425],
       [3.09274798]]), array([[0.00817354],
       [0.33743935],
       [3.09225629]]), array([[0.01054467],
       [0.34306561],
       [3.09512533]]), array([[0.01392727],
       [0.34143545],
       [3.09914198]]), array([[0.00396633],
       [0.34646117],
       [3.09928746]]), array([[-0.00447333],
       [ 0.34545581],
       [ 3.0959012 ]]), array([[-0.00353115],
       [ 0.34017346],
       [ 3.09198606]]), array([[0.00420919],
       [0.35588097],
       [3.08877038]]), array([[0.00716486],
       [0.36786226],
       [3.08643267]]), array([[2.69328347e-03],
       [3.83651270e-01],
       [3.08230719e+00]]), array([[0.00372881],
       [0.3819326 ],
       [3.0796493 ]]), array([[0.00509772],
       [0.3689702 ],
       [3.07980433]]), array([[-8.00117209e-04],
       [ 3.46167353e-01],
       [ 3.08202648e+00]]), array([[0.01039176],
       [0.33226297],
       [3.09186852]]), array([[0.01567766],
       [0.3344452 ],
       [3.09392226]]), array([[0.0166578 ],
       [0.33844566],
       [3.09204355]]), array([[0.01913102],
       [0.33890914],
       [3.09041357]]), array([[0.02258551],
       [0.33859423],
       [3.08998437]]), array([[0.01458385],
       [0.33729517],
       [3.08936295]]), array([[0.00410214],
       [0.33933584],
       [3.08895877]]), array([[0.01005333],
       [0.332511  ],
       [3.08834429]]), array([[0.00837661],
       [0.31932855],
       [3.09177598]]), array([[2.30790401e-03],
       [3.04108904e-01],
       [3.09331583e+00]]), array([[3.63113049e-04],
       [3.06670412e-01],
       [3.09204087e+00]]), array([[0.00655661],
       [0.31085351],
       [3.09237993]]), array([[0.01332256],
       [0.31186406],
       [3.09380395]]), array([[0.01532457],
       [0.29452188],
       [3.09883022]]), array([[0.00914036],
       [0.30589083],
       [3.09275368]]), array([[0.00775004],
       [0.30332957],
       [3.09303149]]), array([[0.00658201],
       [0.3269628 ],
       [3.09652457]]), array([[0.00412269],
       [0.31859426],
       [3.09750357]]), array([[2.07389643e-03],
       [2.98285418e-01],
       [3.10058108e+00]]), array([[0.01270816],
       [0.29886764],
       [3.10227469]]), array([[0.01955204],
       [0.31277788],
       [3.10072797]]), array([[0.01779011],
       [0.32680952],
       [3.09730256]]), array([[0.01442088],
       [0.33583539],
       [3.09253637]]), array([[0.01559848],
       [0.31522379],
       [3.0935496 ]]), array([[0.01233776],
       [0.32271703],
       [3.09307904]]), array([[0.00973813],
       [0.32528374],
       [3.09362989]]), array([[0.01619473],
       [0.32998539],
       [3.09559931]]), array([[0.01514755],
       [0.33035212],
       [3.09451199]]), array([[0.00358998],
       [0.32707518],
       [3.09217905]]), array([[0.00467332],
       [0.32755384],
       [3.09253471]]), array([[0.01136706],
       [0.33416952],
       [3.09390391]]), array([[0.01252738],
       [0.34740562],
       [3.09409523]]), array([[0.01250707],
       [0.350434  ],
       [3.09393225]]), array([[0.0154034 ],
       [0.34073951],
       [3.09423883]]), array([[0.02265761],
       [0.33289034],
       [3.0956251 ]]), array([[0.02144852],
       [0.35023214],
       [3.09486362]]), array([[0.03154378],
       [0.34935584],
       [3.09714667]]), array([[0.01537484],
       [0.34302071],
       [3.09459234]]), array([[1.94453195e-03],
       [3.55683498e-01],
       [3.09021530e+00]]), array([[-0.01228373],
       [ 0.36321207],
       [ 3.08788865]]), array([[0.01498714],
       [0.33873136],
       [3.09883686]]), array([[0.08111209],
       [0.41516627],
       [3.1019662 ]]), array([[0.09583552],
       [0.42256358],
       [3.10390899]]), array([[0.09498336],
       [0.43196102],
       [3.10125687]]), array([[0.09804997],
       [0.42700672],
       [3.10115423]]), array([[0.09763006],
       [0.42368051],
       [3.09979351]]), array([[0.08360178],
       [0.42676894],
       [3.09611636]]), array([[0.08094397],
       [0.43269765],
       [3.09253268]]), array([[0.08560341],
       [0.44670642],
       [3.08891759]]), array([[-0.0105633 ],
       [ 0.41138447],
       [ 3.07557072]]), array([[-0.02372139],
       [ 0.41563341],
       [ 3.08135706]]), array([[-0.03687457],
       [ 0.42215488],
       [ 3.08294219]]), array([[-0.0058773 ],
       [-0.09928537],
       [-3.12052621]]), array([[ 0.01215874],
       [-0.02622972],
       [-3.11445777]]), array([[ 0.02799421],
       [ 0.07386051],
       [-3.10518892]]), array([[ 0.03715814],
       [ 0.09451916],
       [-3.10199184]]), array([[ 0.02171045],
       [ 0.05974661],
       [-3.10630848]]), array([[ 0.01278588],
       [ 0.05631135],
       [-3.10811545]]), array([[ 0.00558903],
       [ 0.05278614],
       [-3.11268474]]), array([[ 1.02720496e-03],
       [ 4.59398061e-02],
       [-3.11543712e+00]]), array([[-0.00639095],
       [ 0.04379693],
       [-3.11588746]]), array([[-0.00692828],
       [ 0.04337724],
       [-3.11348756]]), array([[-0.00925181],
       [ 0.03800596],
       [-3.11573542]]), array([[-0.0137875 ],
       [ 0.035942  ],
       [-3.11796308]]), array([[-0.02072208],
       [ 0.04064832],
       [-3.1197675 ]]), array([[-0.02678652],
       [ 0.03502183],
       [-3.11845092]]), array([[-0.0330898 ],
       [ 0.02467692],
       [-3.11758449]]), array([[-0.04407247],
       [ 0.01002589],
       [-3.11833782]]), array([[ 0.09731417],
       [-0.12068496],
       [ 3.11921025]]), array([[ 0.0912898 ],
       [-0.11714031],
       [ 3.12003015]]), array([[ 0.09217338],
       [-0.11514125],
       [ 3.12101622]]), array([[ 0.08394016],
       [-0.09904259],
       [ 3.12509676]]), array([[ 0.06750937],
       [-0.08305885],
       [ 3.13099826]]), array([[ 0.05740583],
       [-0.07218209],
       [ 3.13171324]]), array([[ 0.05168698],
       [-0.05171868],
       [ 3.13217689]]), array([[-0.00546973],
       [ 0.03531909],
       [-3.11482186]]), array([[ 0.00448054],
       [ 0.02815628],
       [-3.10828507]]), array([[ 3.08354870e-02],
       [-7.22827548e-04],
       [-3.10996723e+00]])] 
[array([[-3.27733928],
       [-0.32998904],
       [18.81922834]]), array([[-3.58166505],
       [-0.37111465],
       [16.96885688]]), array([[-4.26320139],
       [ 0.19888964],
       [18.02902176]]), array([[-4.05611258],
       [ 0.20777465],
       [18.1183038 ]]), array([[-3.92864651],
       [ 0.13744862],
       [18.51194998]]), array([[-3.81431680e+00],
       [-1.21809475e-02],
       [ 1.85110596e+01]]), array([[-3.77135405],
       [-0.12393496],
       [18.50282997]]), array([[-3.68235507],
       [-0.24082239],
       [18.61098106]]), array([[-3.65167831],
       [-0.41042885],
       [18.82187732]]), array([[-3.62053923],
       [-0.80173248],
       [19.05553294]]), array([[-3.55937052],
       [-1.15379299],
       [19.1839916 ]]), array([[-3.519946  ],
       [-1.38459031],
       [19.22425558]]), array([[ 1.92876269],
       [ 2.31153241],
       [15.92436196]]), array([[ 1.0715634 ],
       [ 2.43247088],
       [15.55841252]]), array([[ 1.01449224],
       [ 2.52468059],
       [15.46455895]]), array([[ 1.06261192],
       [ 2.60897033],
       [15.42535206]]), array([[ 1.24680707],
       [ 2.65252256],
       [15.35168815]]), array([[ 1.55749472],
       [ 2.66942337],
       [15.14848548]]), array([[ 1.8759273 ],
       [ 2.68198344],
       [14.90025085]]), array([[ 2.42324219],
       [ 2.59117927],
       [14.61904163]]), array([[ 2.73965424],
       [ 2.59970592],
       [14.49727507]]), array([[ 3.09323852],
       [ 2.58502736],
       [14.35195201]]), array([[ 3.42615191],
       [ 2.54628054],
       [14.13958525]]), array([[ 3.66068885],
       [ 2.50769186],
       [13.84554548]]), array([[ 2.04697531],
       [ 2.61647201],
       [13.1328853 ]]), array([[ 2.33149301],
       [ 2.84950571],
       [11.26331782]]), array([[ 4.14427822],
       [ 2.82517358],
       [11.6626254 ]]), array([[ 3.97863603],
       [ 2.95847523],
       [11.92629815]]), array([[ 3.90415252],
       [ 2.98387314],
       [12.05110374]]), array([[ 3.82881597],
       [ 2.92990116],
       [12.18800206]]), array([[ 3.77193616],
       [ 2.8731572 ],
       [12.34181563]]), array([[ 3.8058891 ],
       [ 2.75457854],
       [12.70806585]]), array([[ 3.82738379],
       [ 2.70162982],
       [12.91014943]]), array([[ 3.77829748],
       [ 2.67805883],
       [13.08901186]]), array([[ 3.71663662],
       [ 2.63472609],
       [13.33286578]]), array([[ 3.64813074],
       [ 2.5544941 ],
       [13.59119026]]), array([[ 3.54663217],
       [ 2.46262084],
       [14.18733055]]), array([[ 3.52761909],
       [ 2.63142062],
       [14.45665705]]), array([[ 3.47808473],
       [ 2.73180922],
       [14.69848589]]), array([[ 3.40933895],
       [ 2.90057273],
       [14.96002098]]), array([[ 3.39933287],
       [ 3.00633551],
       [15.05747149]]), array([[ 3.39092302],
       [ 3.04553184],
       [15.15783543]]), array([[ 3.34565084],
       [ 3.07581831],
       [15.16006447]]), array([[ 3.27740103],
       [ 3.08907   ],
       [15.14699179]]), array([[ 3.12351458],
       [ 3.08700602],
       [15.10104495]]), array([[-4.32630331],
       [-1.55270164],
       [15.83138112]]), array([[ 2.48085147],
       [ 3.11175281],
       [14.71790412]]), array([[-5.1484892 ],
       [-1.39296416],
       [15.79884726]]), array([[ 1.85132599],
       [ 3.25584654],
       [15.21526931]]), array([[ 2.15223586],
       [ 3.2491138 ],
       [15.2261629 ]]), array([[-4.90579354],
       [-1.36123612],
       [15.27113504]]), array([[ 2.55397375],
       [ 3.18492325],
       [15.22405994]]), array([[ 2.7528877 ],
       [ 3.14931618],
       [15.20832282]]), array([[ 2.98111784],
       [ 3.14888038],
       [15.20384615]]), array([[ 3.24938268],
       [ 3.14355664],
       [15.21128357]]), array([[ 3.04918923],
       [ 3.19677115],
       [15.44162663]]), array([[ 3.29864142],
       [ 3.19918897],
       [15.45856296]]), array([[ 3.50679487],
       [ 3.21930208],
       [15.49655812]]), array([[ 3.68028319],
       [ 3.21440952],
       [15.52836856]]), array([[ 3.83479332],
       [ 3.21710444],
       [15.53618911]]), array([[ 3.99929105],
       [ 3.21057023],
       [15.54722103]]), array([[ 4.16174279],
       [ 3.18770579],
       [15.55867918]]), array([[ 4.28393616],
       [ 3.18082157],
       [15.57980903]]), array([[ 4.39898774],
       [ 3.17408368],
       [15.58484931]]), array([[ 4.54747995],
       [ 3.17536074],
       [15.58749749]]), array([[ 4.79400985],
       [ 3.19515875],
       [15.62414535]]), array([[ 4.86114211],
       [ 3.20868752],
       [15.63438471]]), array([[ 4.5597629 ],
       [ 2.90766226],
       [16.39032768]]), array([[ 4.33604202],
       [ 2.77584375],
       [16.70663436]]), array([[ 4.12583171],
       [ 2.65838433],
       [17.12406313]]), array([[ 3.8594579 ],
       [ 2.66745019],
       [17.51808837]]), array([[-1.41529594],
       [-2.12626526],
       [16.90394645]]), array([[-1.55162734],
       [-2.06129252],
       [16.92008464]]), array([[-1.73876559],
       [-2.02554293],
       [16.99895632]]), array([[-1.94874108],
       [-2.01682212],
       [17.00993776]]), array([[-2.15592335],
       [-2.01597271],
       [16.99696531]]), array([[-2.34365232],
       [-2.00525698],
       [16.92821411]]), array([[-2.50342088],
       [-2.00209452],
       [16.89527418]]), array([[ 2.16089232],
       [ 2.95455364],
       [18.36143024]]), array([[ 2.04430375],
       [ 2.95229794],
       [18.36000113]]), array([[ 1.93620783],
       [ 2.94086547],
       [18.38975228]]), array([[ 1.79776285],
       [ 2.93009766],
       [18.40302348]]), array([[ 1.64117553],
       [ 2.9699954 ],
       [18.42749245]]), array([[ 2.06377245],
       [ 0.31256978],
       [18.11288295]]), array([[ 2.95578099e+00],
       [-1.54967846e-02],
       [ 1.65847334e+01]]), array([[ 2.96030022],
       [ 1.6937252 ],
       [14.60762493]]), array([[ 3.3019967 ],
       [ 1.61487959],
       [14.45473168]]), array([[ 3.5035311 ],
       [ 1.52523418],
       [14.21485841]]), array([[ 3.63413784],
       [ 1.61610193],
       [14.10736092]]), array([[ 4.03455887],
       [ 1.81423266],
       [14.1688741 ]]), array([[ 5.12924936],
       [ 1.61560231],
       [13.45855572]]), array([[ 5.19398161],
       [ 1.53300784],
       [13.01147113]]), array([[ 5.21904815],
       [ 1.57824356],
       [12.62457766]]), array([[ 5.28147648],
       [ 1.68727632],
       [12.33593103]]), array([[ 5.40598807],
       [ 1.81458686],
       [12.37206183]]), array([[ 5.52391247],
       [ 1.7716355 ],
       [12.5641724 ]]), array([[ 5.45714252],
       [ 1.54427635],
       [12.70470508]]), array([[ 5.24746884],
       [ 1.27762437],
       [13.13650078]]), array([[ 1.86620203],
       [ 2.98340479],
       [33.54005745]]), array([[ 3.68433833],
       [ 2.23274377],
       [34.00016405]]), array([[ 2.59327634],
       [ 2.61822582],
       [34.06360821]]), array([[ 1.28446234],
       [ 2.56364061],
       [34.39527351]]), array([[-4.06069165],
       [-1.27113703],
       [35.01146684]]), array([[-3.44233646],
       [-1.19913667],
       [34.9795827 ]]), array([[-4.70108104],
       [-2.26653519],
       [36.03183149]]), array([[ 4.57040634],
       [ 5.9492981 ],
       [28.87584297]]), array([[ 4.53072942],
       [ 5.68496557],
       [29.27051368]]), array([[ 4.55144448],
       [ 5.65340914],
       [29.40149212]]), array([[ 4.66245238],
       [ 5.76021836],
       [29.26534916]]), array([[ 4.90414525],
       [ 5.46686215],
       [26.56904995]]), array([[ 4.79966091],
       [ 6.13709621],
       [25.53801769]]), array([[ 4.9410023 ],
       [ 6.22464834],
       [25.47354154]]), array([[ 5.00831451],
       [ 6.06558031],
       [25.64298984]]), array([[ 5.05577356],
       [ 5.96843604],
       [25.76784418]]), array([[ 5.12473146],
       [ 5.91268971],
       [25.99587335]]), array([[ 5.22878536],
       [ 5.80482434],
       [26.19321084]]), array([[ 5.21630869],
       [ 5.54102862],
       [26.55762067]]), array([[ 4.64513305],
       [ 6.04364181],
       [28.68657242]]), array([[ 4.57809298],
       [ 6.2722198 ],
       [28.74102312]]), array([[ 3.47946538],
       [ 6.20294889],
       [27.80938759]]), array([[ 1.69360409],
       [ 5.88139258],
       [26.83544286]]), array([[ 1.75772016],
       [ 5.95510944],
       [26.75925426]]), array([[ 1.80147756],
       [ 5.99767633],
       [26.75246538]]), array([[ 1.83358658],
       [ 6.04715526],
       [26.78322077]]), array([[ 3.77323208],
       [ 6.08996898],
       [27.92064972]]), array([[ 9.34950689],
       [ 6.36756326],
       [28.7806096 ]]), array([[14.98877668],
       [-2.57022501],
       [37.33243276]]), array([[ 2.57523017],
       [-1.26106789],
       [33.01971238]]), array([[-17.98319218],
       [ -3.84725345],
       [ 37.72794642]]), array([[-18.05285475],
       [ -3.76735361],
       [ 37.72557971]]), array([[-18.09831672],
       [ -3.67981683],
       [ 37.77761336]]), array([[-18.13069753],
       [ -3.61167869],
       [ 37.81104639]]), array([[-18.15429776],
       [ -3.55732252],
       [ 37.85729034]]), array([[-18.14959113],
       [ -3.53733441],
       [ 37.81986843]]), array([[-18.09697358],
       [ -3.56770038],
       [ 37.68809942]]), array([[-17.97618674],
       [ -3.66134119],
       [ 37.57714365]]), array([[-15.84168219],
       [ -3.8164086 ],
       [ 36.28171688]]), array([[-15.91094364],
       [ -3.04886066],
       [ 35.75209666]]), array([[-15.99984752],
       [ -2.55916314],
       [ 35.61917609]]), array([[-16.02072858],
       [ -2.28393977],
       [ 35.40884952]]), array([[-15.51685876],
       [ -0.74092488],
       [ 34.00336401]]), array([[-15.45425371],
       [ -0.5826266 ],
       [ 33.85688007]]), array([[-15.40986393],
       [ -0.40405436],
       [ 33.7084663 ]]), array([[-15.96885082],
       [  1.27581577],
       [ 33.15592136]]), array([[-16.05347372],
       [  1.54863423],
       [ 33.10302438]]), array([[-16.16909714],
       [  1.81890417],
       [ 33.08313883]]), array([[-16.08551861],
       [  2.04330509],
       [ 32.99730132]]), array([[ 2.91038637],
       [ 4.77894525],
       [31.55524384]]), array([[ 3.33388596],
       [ 4.31448322],
       [31.63208068]]), array([[ 3.58178763],
       [ 3.92467075],
       [30.76886966]]), array([[ 2.17153648],
       [ 4.77844205],
       [21.58461257]]), array([[ 3.58817444],
       [ 2.97197856],
       [14.24033538]]), array([[ 3.50656561],
       [ 2.88922523],
       [14.09128323]]), array([[ 3.39543057],
       [ 2.49527157],
       [14.03781541]]), array([[ 3.28521848],
       [ 2.34954221],
       [14.06185025]]), array([[ 3.18992702],
       [ 2.51694159],
       [13.99045075]]), array([[ 3.06573925],
       [ 2.68610044],
       [13.92436946]]), array([[ 2.89460248],
       [ 2.9076703 ],
       [13.86256835]]), array([[ 2.86449045],
       [ 2.99325492],
       [13.85966355]]), array([[ 2.82824857],
       [ 3.33197334],
       [13.71924467]]), array([[ 2.82621011],
       [ 3.42643597],
       [13.48647275]]), array([[ 2.88156378],
       [ 3.48010229],
       [13.36965269]]), array([[ 3.47560593],
       [ 2.84871278],
       [12.46460084]]), array([[ 3.5580854 ],
       [ 2.83501884],
       [12.21171046]]), array([[ 3.58545789],
       [ 2.85247696],
       [12.24291119]]), array([[ 3.62925072],
       [ 2.82325409],
       [12.26632834]]), array([[ 3.67795601],
       [ 2.77936412],
       [12.26524005]]), array([[ 3.72014089],
       [ 2.79241864],
       [12.24376314]]), array([[ 3.73896725],
       [ 2.82618907],
       [12.25076101]]), array([[ 3.71910814],
       [ 2.86536002],
       [12.314337  ]]), array([[ 3.68241618],
       [ 2.87063   ],
       [12.40301771]]), array([[ 3.65967892],
       [ 2.85798983],
       [12.48139946]]), array([[ 3.61841855],
       [ 2.91219691],
       [12.54214632]]), array([[ 3.5759872 ],
       [ 3.04876271],
       [12.59281354]]), array([[ 3.54407614],
       [ 3.20030273],
       [12.61420862]]), array([[ 3.53523418],
       [ 3.33923783],
       [12.68575932]]), array([[ 3.54320272],
       [ 3.36209997],
       [12.81391893]]), array([[ 3.60460453],
       [ 3.02940027],
       [12.99482108]]), array([[ 3.63139548],
       [ 2.91300887],
       [13.09011299]]), array([[ 3.64155992],
       [ 2.74892773],
       [13.2740394 ]]), array([[ 3.61968004],
       [ 2.63461048],
       [13.2915878 ]]), array([[ 3.58046773],
       [ 2.34266711],
       [13.49543821]]), array([[ 3.58734546],
       [ 2.29122537],
       [13.57740025]]), array([[ 3.41624036],
       [ 2.1077243 ],
       [13.25032081]]), array([[ 3.61961405],
       [ 2.45582572],
       [12.23764257]]), array([[ 3.57129556],
       [ 2.63639432],
       [12.31724839]]), array([[ 3.40817784],
       [ 2.81047296],
       [12.45154226]]), array([[ 3.36946038],
       [ 2.76654383],
       [12.47201443]]), array([[ 3.38662696],
       [ 2.7512539 ],
       [12.46972168]]), array([[ 3.38101168],
       [ 2.73069596],
       [12.4378344 ]]), array([[ 3.35148651],
       [ 2.71242387],
       [12.42760421]]), array([[ 3.33087512],
       [ 2.67642553],
       [12.47597565]]), array([[ 3.35475386],
       [ 2.63242805],
       [12.5258971 ]]), array([[ 3.40640759],
       [ 2.60359845],
       [12.56524698]]), array([[ 3.44606015],
       [ 2.55563976],
       [12.59178083]]), array([[ 3.47008527],
       [ 2.48460295],
       [12.61671693]]), array([[ 3.50735556],
       [ 2.38009896],
       [12.64047685]]), array([[ 3.54988456],
       [ 2.2768929 ],
       [12.66541727]]), array([[ 3.58187466],
       [ 2.21233957],
       [12.6897406 ]]), array([[ 3.62024331],
       [ 2.22110175],
       [12.71548451]]), array([[ 3.65591328],
       [ 2.30840167],
       [12.52724133]]), array([[ 3.64308376],
       [ 2.34033573],
       [12.4701205 ]]), array([[ 3.62199751],
       [ 2.33907703],
       [12.41253194]]), array([[ 3.60127066],
       [ 2.32750447],
       [12.3512558 ]]), array([[ 3.57050215],
       [ 2.31185301],
       [12.29092683]]), array([[ 3.55235395],
       [ 2.29544475],
       [12.26321061]]), array([[ 3.56996719],
       [ 2.2859196 ],
       [12.23328354]]), array([[ 3.59153141],
       [ 2.2690757 ],
       [12.17936626]]), array([[ 3.61291044],
       [ 2.3255636 ],
       [12.05708241]]), array([[ 3.65488897],
       [ 2.42762596],
       [12.02238127]]), array([[ 3.68437931],
       [ 2.4750307 ],
       [12.00657254]]), array([[ 3.70062485],
       [ 2.50766163],
       [11.94768303]]), array([[ 3.69783021],
       [ 2.52409976],
       [11.89370439]]), array([[ 3.62627009],
       [ 2.62156993],
       [11.85560361]]), array([[ 3.61861992],
       [ 2.60657472],
       [11.86680445]]), array([[ 3.6245707 ],
       [ 2.60582557],
       [11.87594539]]), array([[ 3.63981151],
       [ 2.50974251],
       [11.97453111]]), array([[ 3.64562524],
       [ 2.48794983],
       [12.00221849]]), array([[ 3.64179149],
       [ 2.56623558],
       [12.10135607]]), array([[ 3.63167269],
       [ 2.61913781],
       [12.15776736]]), array([[ 3.6014918 ],
       [ 2.62700883],
       [12.21941139]]), array([[ 3.57602893],
       [ 2.60390106],
       [12.28383714]]), array([[ 3.56116879],
       [ 2.55511666],
       [12.32303163]]), array([[ 3.5496209 ],
       [ 2.57664916],
       [12.3996054 ]]), array([[ 3.54988769],
       [ 2.61396691],
       [12.47163403]]), array([[ 3.56107949],
       [ 2.6435143 ],
       [12.53147552]]), array([[ 3.5606992 ],
       [ 2.67263894],
       [12.57864239]]), array([[ 3.55552734],
       [ 2.6898832 ],
       [12.63859884]]), array([[ 3.57204172],
       [ 2.7212626 ],
       [12.70059298]]), array([[ 3.59174929],
       [ 2.76779411],
       [12.74934223]]), array([[ 3.59677148],
       [ 2.80505183],
       [12.7988381 ]]), array([[ 3.58615359],
       [ 2.8034617 ],
       [12.85080272]]), array([[ 3.57530154],
       [ 2.79145206],
       [12.9028632 ]]), array([[ 3.54259736],
       [ 2.80331899],
       [12.95258938]]), array([[ 3.50054898],
       [ 2.85247876],
       [12.99691351]]), array([[ 3.45259058],
       [ 2.88011549],
       [13.03160074]]), array([[ 3.32285277],
       [ 2.89602549],
       [13.06016456]]), array([[ 3.31141562],
       [ 2.92234238],
       [13.10714702]]), array([[ 3.3802058 ],
       [ 2.92554956],
       [13.14752308]]), array([[ 3.49460821],
       [ 2.91378007],
       [13.18096503]]), array([[ 3.78059915],
       [ 3.27480411],
       [13.17956493]]), array([[ 3.28221492],
       [ 2.24711244],
       [13.41233859]]), array([[ 3.08202128],
       [ 2.2659288 ],
       [13.33733845]]), array([[ 2.88280525],
       [ 2.24857925],
       [13.29868432]]), array([[ 2.69769371],
       [ 2.2484994 ],
       [13.26672561]]), array([[ 2.52862121],
       [ 2.26142825],
       [13.25032627]]), array([[ 2.38265059],
       [ 2.25302778],
       [13.2702395 ]]), array([[ 2.26269363],
       [ 2.22232158],
       [13.26179179]]), array([[ 2.1250613 ],
       [ 2.16444249],
       [13.23034884]]), array([[ 2.3623267 ],
       [ 1.89495399],
       [13.69245245]]), array([[ 2.72502209],
       [ 1.92073999],
       [13.73647011]]), array([[ 2.91504702],
       [ 1.92856616],
       [13.76951118]]), array([[ 3.40665741],
       [ 2.71588919],
       [13.98205992]]), array([[ 3.25948664],
       [ 2.96996523],
       [13.96520708]]), array([[ 3.16146424],
       [ 2.97308738],
       [14.18147836]]), array([[ 3.04155362],
       [ 2.91451489],
       [14.21551436]]), array([[ 2.92561666],
       [ 2.82029437],
       [14.09003687]]), array([[ 2.83327246],
       [ 2.74482341],
       [14.04200761]]), array([[ 2.77833635],
       [ 2.67368238],
       [14.01031881]]), array([[ 2.74788008],
       [ 2.63135939],
       [14.00140498]]), array([[ 2.73178408],
       [ 2.61659566],
       [13.97988346]]), array([[ 2.68930432],
       [ 2.60670518],
       [13.98865116]]), array([[ 2.64211142],
       [ 2.57595928],
       [13.97130955]]), array([[ 2.59849234],
       [ 2.55679144],
       [13.93464022]]), array([[ 2.54922946],
       [ 2.56595841],
       [13.89427124]]), array([[ 2.45277272],
       [ 2.5880623 ],
       [13.84766803]]), array([[ 2.30214851],
       [ 2.60825468],
       [13.79043566]]), array([[ 2.10828033],
       [ 2.63014022],
       [13.71676123]]), array([[ 1.63754654],
       [ 2.58648153],
       [13.89757179]]), array([[ 1.86859515],
       [ 2.55861216],
       [13.95036504]]), array([[ 2.12631149],
       [ 2.54511724],
       [13.98117666]]), array([[ 2.39598913],
       [ 2.54332411],
       [14.00240833]]), array([[ 2.619184  ],
       [ 2.5367647 ],
       [14.05538322]]), array([[ 2.84083649],
       [ 2.49540119],
       [14.07935738]]), array([[ 3.09390557],
       [ 2.45491592],
       [14.05293932]]), array([[ 2.85545033],
       [ 2.50568589],
       [14.26168995]]), array([[ 3.1512143 ],
       [ 2.55782968],
       [14.31486183]]), array([[ 3.73337576],
       [ 2.54902048],
       [14.35433914]])] 
