Second the best calibration result
1024 x 768

0.7136366972337153
[[601.2554232    0.         499.20971963]
 [  0.         600.3930287  346.18959849]
 [  0.           0.           1.        ]] 
[[-0.32307783  0.12416759  0.00156107  0.00088034 -0.02509783]] 
[array([[-2.40396110e-03],
       [-7.35610169e-02],
       [ 3.10828953e+00]]), array([[ 0.03011228],
       [ 0.21123547],
       [-3.12860355]]), array([[ 1.07064459],
       [-0.40943652],
       [ 2.79291707]]), array([[-0.73887869],
       [-0.7677543 ],
       [ 2.61727437]]), array([[-0.98311919],
       [-0.85230945],
       [-2.2773969 ]]), array([[ 0.83110134],
       [ 0.66802006],
       [-2.87324618]]), array([[-0.73422507],
       [-0.56030196],
       [-2.43414518]]), array([[-0.04567423],
       [-0.77140808],
       [ 2.99145143]]), array([[-1.46937677],
       [-0.0449828 ],
       [-2.67689827]]), array([[-0.75413205],
       [-0.49986485],
       [-2.55505251]]), array([[-1.21380515],
       [ 0.54695459],
       [-2.50873792]]), array([[-1.23803944],
       [ 0.56307176],
       [-2.45653786]]), array([[ 0.03762705],
       [-0.12366719],
       [ 3.09811868]]), array([[-1.29789042],
       [ 0.01366152],
       [-2.82308339]]), array([[-1.04322272],
       [-0.80168445],
       [ 2.82939708]]), array([[-0.15523757],
       [-0.16467407],
       [ 3.10167701]]), array([[-1.66034354],
       [-0.0266029 ],
       [ 2.42776769]]), array([[-1.50671508],
       [-0.48648752],
       [-2.56816256]]), array([[-0.03204213],
       [-0.0096411 ],
       [ 3.14105917]]), array([[ 0.0766609 ],
       [ 0.21182895],
       [-3.11782539]]), array([[-0.0031445 ],
       [-0.06321015],
       [ 3.12735474]]), array([[-0.27564867],
       [-0.67174309],
       [ 3.017503  ]]), array([[-1.13204592],
       [-0.0719587 ],
       [-2.83260991]]), array([[-1.31323128],
       [-0.12630352],
       [ 2.67522314]]), array([[-1.22258403],
       [-0.86289725],
       [-2.49232866]]), array([[ 0.106186  ],
       [-0.2004088 ],
       [ 3.06600826]]), array([[ 0.06073008],
       [-0.21954072],
       [ 3.09118293]]), array([[-0.20326527],
       [-0.02058699],
       [ 2.74624774]]), array([[-1.29097935],
       [ 0.05854219],
       [-2.82128356]]), array([[-0.12406799],
       [-0.1483474 ],
       [ 3.11419567]]), array([[-0.22606682],
       [-0.01780142],
       [ 2.72763262]]), array([[ 0.11710193],
       [-0.22145193],
       [ 3.0662097 ]]), array([[-0.37670097],
       [-0.13932835],
       [ 2.94758469]]), array([[ 0.01928335],
       [ 0.13307238],
       [-3.06275316]]), array([[-0.10804605],
       [-0.68556785],
       [ 2.87265913]]), array([[-0.05773678],
       [ 0.12957855],
       [-3.11379423]]), array([[-1.42368429],
       [-0.04306778],
       [-2.71341742]]), array([[-0.74589172],
       [-0.53865091],
       [-2.42802577]]), array([[ 1.05522058],
       [ 1.01160553],
       [-2.57130174]]), array([[-1.06687514],
       [-1.25049228],
       [-2.09950665]]), array([[ 0.05980244],
       [-0.13367867],
       [ 3.09423151]])] 
[array([[5.28048824],
       [3.25131422],
       [7.99651024]]), array([[3.94006154],
       [3.11332255],
       [6.53770771]]), array([[ 8.6695627 ],
       [ 3.67790793],
       [11.09411296]]), array([[ 3.7640558 ],
       [-2.36538504],
       [26.50663416]]), array([[ 7.69386971],
       [ 9.70194467],
       [12.49904215]]), array([[ 4.63554834],
       [ 3.4805762 ],
       [14.46797459]]), array([[2.49960505],
       [4.31746347],
       [8.02812369]]), array([[ 4.58337467],
       [ 1.66721185],
       [16.36749475]]), array([[3.28618828],
       [2.67626329],
       [4.59419936]]), array([[3.72433266],
       [4.16254379],
       [9.50727343]]), array([[10.58117684],
       [ 4.6589817 ],
       [16.4964773 ]]), array([[10.59514007],
       [ 5.21558928],
       [16.26269167]]), array([[4.20705541],
       [3.15210919],
       [7.73307087]]), array([[3.17874803],
       [3.45726763],
       [6.14001484]]), array([[ 1.68416868],
       [ 1.80091581],
       [19.52388954]]), array([[ 4.83031774],
       [ 3.32057626],
       [11.16980352]]), array([[-0.54089866],
       [ 1.49136577],
       [17.24873322]]), array([[2.77853893],
       [1.60920762],
       [5.90375638]]), array([[ 4.00731737],
       [ 3.46292076],
       [14.60761574]]), array([[4.12520123],
       [3.75194511],
       [7.26841516]]), array([[5.28734851],
       [3.49192212],
       [7.51018509]]), array([[ 6.45662254],
       [ 0.08419632],
       [27.25097062]]), array([[12.98984673],
       [ 7.82068392],
       [31.34135146]]), array([[ 3.42061655],
       [ 2.09602323],
       [16.62132647]]), array([[ 8.77381642],
       [ 7.16209376],
       [11.77074739]]), array([[3.77550349],
       [2.87004838],
       [5.73700789]]), array([[4.57245625],
       [2.80731786],
       [7.52942326]]), array([[ 5.94980465],
       [ 0.54431619],
       [11.99414837]]), array([[3.04341297],
       [3.65603674],
       [5.68247557]]), array([[ 4.61490068],
       [ 3.20046114],
       [11.13654172]]), array([[ 5.95950236],
       [ 0.46517508],
       [12.15752563]]), array([[3.71859296],
       [2.75004324],
       [5.72178291]]), array([[ 3.33684001],
       [ 0.96123656],
       [14.72386461]]), array([[ 7.9445394 ],
       [ 2.93511956],
       [13.61528968]]), array([[ 5.631284  ],
       [-0.83198637],
       [24.4353283 ]]), array([[6.82292565],
       [3.61490348],
       [6.31787658]]), array([[3.67504904],
       [2.61634646],
       [5.54976753]]), array([[1.75303001],
       [4.40978757],
       [5.68242957]]), array([[ 0.08596572],
       [ 1.03031418],
       [15.72321418]]), array([[ 7.84478107],
       [ 8.38648469],
       [11.8523815 ]]), array([[3.84177828],
       [3.28883896],
       [5.52439456]])] 
