Final calibration.
1024 x 768

0.9638022959235031

Original
[[602.17434328   0.         495.32476428]
 [  0.         601.27444228 335.8572872 ]
 [  0.           0.           1.        ]]

 Manually tuned
 [[602.17434328,   0.,         511.32476428],
 [  0.,         601.27444228, 334.8572872 ],
 [  0.,           0.,           1.        ]]

[[-0.321267    0.11775163  0.00091285  0.0007689  -0.02101163]]

[array([[-0.5785623 ],
       [ 0.19771706],
       [-0.04268945]]), array([[ 0.00803053],
       [-0.04668305],
       [ 3.10972295]]), array([[ 1.64859995],
       [ 0.53932418],
       [-2.44109994]]), array([[ 0.01975522],
       [ 0.18545671],
       [-3.13087816]]), array([[-0.9774102 ],
       [ 0.1206464 ],
       [ 0.01662715]]), array([[ 0.24650303],
       [-1.20566239],
       [ 0.19502537]]), array([[ 1.08302663],
       [-0.39168474],
       [ 2.78501917]]), array([[-0.73372927],
       [-0.7455284 ],
       [ 2.6286217 ]]), array([[-0.53394421],
       [ 0.29685337],
       [ 0.01552685]]), array([[-0.98247562],
       [-0.86217877],
       [-2.27429772]]), array([[ 1.77542038],
       [ 0.38395892],
       [-2.49087028]]), array([[ 1.00927465],
       [-0.03453839],
       [ 2.95964309]]), array([[-0.6935001 ],
       [ 0.86012785],
       [ 0.16724288]]), array([[ 0.04155127],
       [ 0.06953456],
       [-3.12165029]]), array([[-0.58926043],
       [ 0.20749823],
       [ 0.00300481]]), array([[ 1.55357319e+00],
       [-4.93414948e-04],
       [-2.52380658e+00]]), array([[ 0.81992734],
       [ 0.64144757],
       [-2.87846055]]), array([[ 0.00167599],
       [ 1.23245229],
       [-0.06723317]]), array([[-0.93472881],
       [ 0.20343819],
       [ 0.06426058]]), array([[-0.89927083],
       [ 0.10991772],
       [-0.05945858]]), array([[-0.74677953],
       [-0.57734296],
       [-2.4290794 ]]), array([[-0.04519076],
       [ 1.30593825],
       [-0.04875904]]), array([[-0.03705217],
       [ 1.32949586],
       [-0.05773095]]), array([[-0.93938665],
       [ 0.10804179],
       [ 0.01044415]]), array([[-0.03653965],
       [-0.74678226],
       [ 2.99681502]]), array([[-1.48065665],
       [-0.06507131],
       [-2.67775679]]), array([[-1.0358655 ],
       [ 0.15063549],
       [ 0.04485816]]), array([[-0.51011199],
       [ 0.71772364],
       [ 2.9529238 ]]), array([[ 0.51831191],
       [ 0.13951687],
       [-0.08953251]]), array([[-1.24645715],
       [ 0.11872766],
       [ 0.02254303]]), array([[-0.76513752],
       [-0.51811356],
       [-2.55059413]]), array([[-1.22800698],
       [ 0.53684166],
       [-2.51234373]]), array([[-0.0412357 ],
       [ 1.33249887],
       [-0.05779567]]), array([[-1.25260865],
       [ 0.55363116],
       [-2.4602415 ]]), array([[-0.66076791],
       [ 0.89416816],
       [ 0.16220295]]), array([[ 0.04733946],
       [-0.09824693],
       [ 3.09833524]]), array([[-1.31094482],
       [-0.00779234],
       [-2.82430154]]), array([[ 0.60638081],
       [ 0.80349517],
       [-0.08828456]]), array([[-1.33617389],
       [ 0.1063755 ],
       [ 0.0270121 ]]), array([[-1.03669583],
       [-0.77803385],
       [ 2.84204359]]), array([[-0.98903562],
       [-0.62939542],
       [-0.21226028]]), array([[-0.57319463],
       [ 0.14490056],
       [-0.06219273]]), array([[-0.14637509],
       [-0.13829711],
       [ 3.10430461]]), array([[-1.65902862],
       [-0.00567733],
       [ 2.43919386]]), array([[-1.51703651],
       [-0.50904721],
       [-2.56475741]]), array([[-0.02274355],
       [ 0.01406647],
       [ 3.14111999]]), array([[-0.28907929],
       [ 0.31875219],
       [-0.00506731]]), array([[-0.55104469],
       [ 0.1422447 ],
       [-0.06902208]]), array([[ 0.06625594],
       [ 0.18417649],
       [-3.12009554]]), array([[-1.46358823],
       [ 0.09502852],
       [ 0.02940086]]), array([[-1.05924146],
       [ 0.93474914],
       [ 2.75085783]]), array([[ 0.19567246],
       [ 0.29495769],
       [-0.07037203]]), array([[ 0.00804356],
       [-0.0353729 ],
       [ 3.12879845]]), array([[-1.07998381],
       [ 0.0588811 ],
       [-0.02877886]]), array([[-0.20784065],
       [-0.07422561],
       [-0.04653815]]), array([[ 0.22548789],
       [-1.21478315],
       [ 0.16090835]]), array([[-0.65303757],
       [ 0.14779525],
       [ 0.01527533]]), array([[-0.264156  ],
       [-0.64700084],
       [ 3.02524172]]), array([[-1.14517647],
       [-0.08717733],
       [-2.83264024]]), array([[-1.30996801],
       [-0.10244453],
       [ 2.68599667]]), array([[-1.22501149],
       [-0.87360174],
       [-2.49098193]]), array([[ 0.11559007],
       [-0.17428378],
       [ 3.0656701 ]]), array([[-0.08350585],
       [ 0.9998117 ],
       [ 2.62757157]]), array([[ 0.07077355],
       [-0.19492641],
       [ 3.09228166]]), array([[-1.09840867],
       [-0.07030485],
       [ 2.94872749]]), array([[-0.2004305 ],
       [ 0.00464645],
       [ 2.74884394]]), array([[-0.3981081 ],
       [-0.60859401],
       [ 3.01082985]]), array([[-0.70519556],
       [ 0.86592475],
       [ 0.18383802]]), array([[-0.97335684],
       [ 0.10015123],
       [ 0.02119974]]), array([[-0.08690931],
       [-0.36755606],
       [ 2.87707353]]), array([[-1.30463535],
       [ 0.03723673],
       [-2.82279152]]), array([[ 1.808519  ],
       [ 0.42083152],
       [-2.47457534]]), array([[-0.11507796],
       [-0.12286029],
       [ 3.11630273]]), array([[-0.22349902],
       [ 0.007485  ],
       [ 2.73035331]]), array([[-1.04017718],
       [ 0.55904109],
       [ 2.45653664]]), array([[-0.98104246],
       [-0.58834215],
       [-0.27882098]]), array([[-9.71416763e-01],
       [ 9.55940023e-02],
       [-7.92320545e-04]]), array([[-0.12980724],
       [ 1.35995987],
       [-0.15548334]]), array([[-1.01328808],
       [ 0.02688204],
       [-0.05023763]]), array([[ 0.12642414],
       [-0.19563084],
       [ 3.06589978]]), array([[-0.99397364],
       [ 0.07761993],
       [-0.01799197]]), array([[ 0.69242457],
       [ 0.07466592],
       [-0.06062846]]), array([[-0.36984833],
       [-0.11814408],
       [ 2.95091172]]), array([[-1.54501651],
       [ 0.95904955],
       [ 2.32966976]]), array([[ 1.74891283],
       [ 0.58572374],
       [-2.32583195]]), array([[ 0.00513892],
       [ 0.10111994],
       [-3.0610007 ]]), array([[-0.09969454],
       [-0.6625242 ],
       [ 2.87836415]]), array([[-0.06864514],
       [ 0.09791539],
       [-3.11143323]]), array([[-1.43470014],
       [-0.06333649],
       [-2.71435285]]), array([[-0.26863673],
       [ 0.53658742],
       [ 0.03108523]]), array([[-0.75999045],
       [-0.55477598],
       [-2.42337847]]), array([[-0.9769473 ],
       [-0.59727756],
       [-0.26302364]]), array([[ 1.0460767 ],
       [ 0.9898386 ],
       [-2.58063914]]), array([[-1.01853007],
       [-0.64986068],
       [-0.21470486]]), array([[-1.06804472],
       [-1.26390944],
       [-2.09040073]]), array([[ 1.200554  ],
       [ 0.40352929],
       [-2.44905039]]), array([[-0.90202253],
       [ 0.0990834 ],
       [-0.00967185]]), array([[-0.93352786],
       [ 0.07436719],
       [-0.0171125 ]]), array([[ 0.06978315],
       [-0.10614118],
       [ 3.09382545]]), array([[-0.05620679],
       [-0.08566612],
       [ 3.08821379]])] 
[array([[-3.88727846],
       [-6.89496472],
       [14.79924184]]), array([[5.33029639],
       [3.39960975],
       [7.91766836]]), array([[-5.61975324],
       [-0.75754442],
       [18.54097146]]), array([[3.98454721],
       [3.23182011],
       [6.47033433]]), array([[-4.24415346],
       [-0.04078778],
       [10.05212412]]), array([[-2.75987534],
       [-1.94751382],
       [ 3.70163487]]), array([[ 8.71653377],
       [ 3.89402954],
       [10.9620017 ]]), array([[ 3.9377137 ],
       [-1.90571521],
       [26.55582844]]), array([[ 2.22122417],
       [-7.31374033],
       [16.43176611]]), array([[ 7.80307211],
       [ 9.98946742],
       [12.33620215]]), array([[-5.84579724],
       [-1.33045381],
       [18.43884595]]), array([[20.17970412],
       [-4.04285896],
       [20.90430234]]), array([[ 5.13409841],
       [-4.13529718],
       [16.11323164]]), array([[ 2.97905283],
       [ 2.79899263],
       [43.60133282]]), array([[-4.73666862],
       [-3.12078181],
       [10.21254394]]), array([[-3.07029199],
       [ 1.32806387],
       [20.69415978]]), array([[ 4.72847785],
       [ 3.73730645],
       [14.39887459]]), array([[ 0.88433091],
       [-1.78198389],
       [12.83243984]]), array([[-4.24966246],
       [ 0.25057464],
       [ 9.47837574]]), array([[-5.01888213],
       [ 1.24421156],
       [ 9.51402261]]), array([[2.55343404],
       [4.46698606],
       [7.96607296]]), array([[ 2.54629128],
       [-1.69819966],
       [12.76457329]]), array([[ 2.32948925],
       [-1.69111141],
       [12.75825104]]), array([[-4.50903071],
       [ 0.06437805],
       [ 9.5757212 ]]), array([[ 4.68851652],
       [ 1.9518787 ],
       [16.33232865]]), array([[3.31931084],
       [2.76996696],
       [4.54580118]]), array([[ 0.57130909],
       [-1.67647877],
       [15.04155663]]), array([[-10.09951024],
       [ 11.02572409],
       [ 23.49436452]]), array([[-3.07494256],
       [-1.68963138],
       [ 7.46365392]]), array([[-4.41100406],
       [ 1.5316224 ],
       [10.23532346]]), array([[3.78851704],
       [4.33992723],
       [9.44646759]]), array([[10.67410101],
       [ 4.97386392],
       [16.36099414]]), array([[ 2.42869637],
       [-1.74412579],
       [12.98899048]]), array([[10.68370484],
       [ 5.52552472],
       [16.11148338]]), array([[ 5.24007745],
       [-4.06682752],
       [16.25589522]]), array([[4.25843141],
       [3.29072131],
       [7.66667161]]), array([[3.21711546],
       [3.57096389],
       [6.07204144]]), array([[ 2.81195896],
       [-1.27780113],
       [16.64602239]]), array([[-4.32476595],
       [ 1.82275173],
       [10.42056041]]), array([[ 1.810549  ],
       [ 2.13520523],
       [19.50096846]]), array([[-8.51669917],
       [ 1.31653633],
       [ 9.18169819]]), array([[-5.63570854],
       [-3.41506651],
       [ 9.8447163 ]]), array([[ 4.90205219],
       [ 3.51830526],
       [11.10244117]]), array([[-0.42772509],
       [ 1.7868148 ],
       [17.24496206]]), array([[2.82251293],
       [1.72010129],
       [5.88575063]]), array([[ 4.1026831 ],
       [ 3.71677418],
       [14.55411642]]), array([[ 1.67987065],
       [-7.51282825],
       [15.47661082]]), array([[-5.59223499],
       [-4.13588067],
       [ 9.95766966]]), array([[4.17435111],
       [3.88282733],
       [7.18702417]]), array([[-4.32032163],
       [ 2.10394079],
       [10.59362029]]), array([[-6.65061787],
       [13.51814619],
       [19.85636294]]), array([[ 0.96930541],
       [-7.29534462],
       [13.58499657]]), array([[5.33368753],
       [3.63249116],
       [7.42340195]]), array([[-4.71730934],
       [-0.9155183 ],
       [10.35668254]]), array([[-5.38691512],
       [-3.30306051],
       [ 8.90179993]]), array([[-3.1059498 ],
       [-1.74728626],
       [ 3.63005347]]), array([[ 1.5006242 ],
       [-5.91795514],
       [16.348282  ]]), array([[ 6.63293133],
       [ 0.5612145 ],
       [27.24596821]]), array([[13.1834653 ],
       [ 8.38767897],
       [31.17500958]]), array([[ 3.52676112],
       [ 2.38352686],
       [16.57969547]]), array([[ 8.88533124],
       [ 7.43598296],
       [11.65433043]]), array([[3.81568167],
       [2.97437113],
       [5.67235475]]), array([[-3.05794071],
       [ 9.01476603],
       [15.97758066]]), array([[4.62104009],
       [2.94488126],
       [7.46590083]]), array([[-1.36616207],
       [ 1.94597364],
       [18.4753573 ]]), array([[ 6.02736929],
       [ 0.76014404],
       [11.96938643]]), array([[-0.33968395],
       [-1.05339215],
       [13.26926252]]), array([[ 4.59092626],
       [-5.064984  ],
       [16.50256444]]), array([[-5.02776874],
       [ 0.38842033],
       [ 9.43917871]]), array([[ 4.73989092],
       [-0.07076214],
       [10.53000196]]), array([[3.07800528],
       [3.76115186],
       [5.60826878]]), array([[-6.68834137],
       [-0.03397969],
       [17.69485486]]), array([[ 4.68668812],
       [ 3.39691679],
       [11.07400879]]), array([[ 6.03814684],
       [ 0.68372068],
       [12.13396233]]), array([[-1.30042353],
       [ 4.18017538],
       [19.98077202]]), array([[-8.70098711],
       [ 2.40584282],
       [ 8.9005275 ]]), array([[-4.89918304],
       [ 0.67100059],
       [ 8.84399884]]), array([[ 5.98626573],
       [-2.07310351],
       [19.82863533]]), array([[-4.75321866],
       [ 0.42469585],
       [ 9.39108413]]), array([[3.75872941],
       [2.85414478],
       [5.66043512]]), array([[-4.73520435],
       [ 0.48227566],
       [ 9.1986428 ]]), array([[-5.12440228],
       [-1.6555548 ],
       [ 5.45482851]]), array([[ 3.43210683],
       [ 1.21501727],
       [14.71338674]]), array([[-9.75533336],
       [12.19767619],
       [25.30587229]]), array([[-5.33280334],
       [-0.55786035],
       [19.15479724]]), array([[ 8.02518038],
       [ 3.19210687],
       [13.52323146]]), array([[ 5.78905385],
       [-0.40547324],
       [24.44242345]]), array([[6.85429025],
       [3.75169708],
       [6.21404903]]), array([[3.7146446 ],
       [2.72656007],
       [5.50312292]]), array([[ 2.83672317],
       [-6.58456596],
       [15.52294589]]), array([[1.79105394],
       [4.51875084],
       [5.61383363]]), array([[-7.55230476],
       [ 2.05644972],
       [ 9.68266584]]), array([[ 0.18871933],
       [ 1.29870702],
       [15.71620453]]), array([[-7.99810471],
       [ 0.86686676],
       [ 8.60724729]]), array([[ 7.9457881 ],
       [ 8.65462725],
       [11.69569347]]), array([[-1.67674817],
       [ 1.55742052],
       [18.99503937]]), array([[-4.92221508],
       [ 0.41534155],
       [ 8.80919413]]), array([[-4.98302658],
       [-0.60920545],
       [ 9.30958325]]), array([[3.88081545],
       [3.38960046],
       [5.44858796]]), array([[ 4.4406762 ],
       [ 3.12881935],
       [12.22849132]])] 
