1.047874876101086 
[[693.38863768   0.         339.53274061]
 [  0.         690.71040995 236.18033069]
 [  0.           0.           1.        ]] 
[[ 0.21584076 -1.58033256 -0.00369491  0.00366677  2.94284061]] 
[array([[ 0.02719684],
       [-0.32106509],
       [-3.03857841]]), array([[-0.05238457],
       [-0.1896589 ],
       [-3.12049786]]), array([[ 0.41182628],
       [ 0.00857844],
       [-3.02821964]]), array([[ 0.44473099],
       [ 0.66969493],
       [-2.92655739]]), array([[ 0.44789406],
       [ 0.1384139 ],
       [-3.05281743]]), array([[-0.29560828],
       [ 1.66535093],
       [ 2.5427817 ]]), array([[-0.37426168],
       [ 1.47395766],
       [ 2.69785502]]), array([[-0.43824266],
       [ 1.5242534 ],
       [ 2.66962363]]), array([[ 0.53710889],
       [ 0.10877732],
       [-2.98676763]]), array([[ 0.36243451],
       [-0.04543389],
       [-3.07839196]]), array([[0.11437409],
       [0.56097057],
       [3.00331479]]), array([[ 0.2091223 ],
       [ 0.03606038],
       [-3.11837712]]), array([[0.04126209],
       [1.29894343],
       [2.77801552]]), array([[ 0.06837295],
       [-0.31484484],
       [-3.08369951]]), array([[-0.04169762],
       [ 0.33717047],
       [ 3.10500465]]), array([[0.04920227],
       [0.26991784],
       [3.08774406]]), array([[0.03856609],
       [0.27375414],
       [3.1102672 ]]), array([[-0.2394544 ],
       [-0.33562167],
       [-3.1003044 ]]), array([[0.18702537],
       [0.05224553],
       [3.07574271]]), array([[0.17441522],
       [0.07628719],
       [3.07012732]]), array([[0.19489656],
       [0.06862625],
       [3.08317582]]), array([[0.22748033],
       [0.04935969],
       [3.09860373]]), array([[ 0.02363049],
       [-0.16920582],
       [-3.10897547]]), array([[-0.01550406],
       [ 1.14891362],
       [-2.87272747]]), array([[-1.15173712e-03],
       [ 8.75121410e-01],
       [-2.98774929e+00]]), array([[ 0.02250864],
       [ 0.85242217],
       [-3.01056221]]), array([[ 0.01884392],
       [ 0.91739361],
       [-2.97835319]]), array([[-0.01194621],
       [-1.54155274],
       [-2.68935855]]), array([[ 0.00773524],
       [-1.60680089],
       [-2.67839034]]), array([[-0.01282031],
       [-1.62132485],
       [-2.66878621]]), array([[-0.01907379],
       [-1.63200307],
       [-2.66511433]]), array([[-0.0235438 ],
       [-1.63083564],
       [-2.6664201 ]]), array([[-0.01613141],
       [-1.6466697 ],
       [-2.65868184]]), array([[-0.0110703 ],
       [-1.58576238],
       [-2.67984552]]), array([[-0.01739998],
       [-1.54667415],
       [-2.71092459]])] 
[array([[ 2.79105618],
       [ 7.59326636],
       [24.89109879]]), array([[ 4.18571072],
       [-1.4494111 ],
       [24.48245618]]), array([[ 3.77830244],
       [ 2.6507036 ],
       [37.22884328]]), array([[-0.60688629],
       [ 3.00140124],
       [23.00243763]]), array([[ 1.57778314],
       [ 4.29493971],
       [27.37266739]]), array([[-0.59720879],
       [ 7.48458567],
       [24.62675374]]), array([[ 8.70617265],
       [ 9.19358553],
       [28.05690137]]), array([[11.76434258],
       [ 9.33926131],
       [29.28068583]]), array([[ 5.35387634],
       [ 1.6251193 ],
       [34.78187286]]), array([[ 6.80042629],
       [ 1.59536236],
       [35.87015113]]), array([[-13.15186911],
       [ 10.3281819 ],
       [ 40.63896317]]), array([[-5.96663832],
       [ 8.78106623],
       [35.92254089]]), array([[-4.54693829],
       [10.55849345],
       [32.99949043]]), array([[-4.51046251],
       [ 8.89632615],
       [36.77249204]]), array([[ 1.92274904],
       [ 3.91987492],
       [13.64464386]]), array([[ 2.01338532],
       [ 2.37268081],
       [13.69678754]]), array([[ 2.02044633],
       [ 2.26340756],
       [13.84674434]]), array([[ 2.19881359],
       [ 2.83994694],
       [22.92467749]]), array([[ 2.04623273],
       [ 2.51878109],
       [10.34670432]]), array([[ 1.6930484 ],
       [ 2.45001998],
       [10.23018711]]), array([[ 1.32318173],
       [ 2.69079721],
       [10.11715091]]), array([[ 1.33369319],
       [ 2.73042229],
       [10.88028456]]), array([[ 2.4071125 ],
       [ 2.71426813],
       [20.58752181]]), array([[ 3.26986378],
       [ 2.26380206],
       [13.45023242]]), array([[ 3.02480658],
       [ 2.87854322],
       [12.60517208]]), array([[ 3.15761132],
       [ 2.69679596],
       [12.58070109]]), array([[ 3.42412363],
       [ 1.68421258],
       [15.1811274 ]]), array([[ 2.93703827],
       [ 3.41864849],
       [10.83257548]]), array([[ 3.44209504],
       [ 1.85794379],
       [11.92630927]]), array([[ 3.44443265],
       [ 0.37901207],
       [11.77063737]]), array([[ 3.48953721],
       [ 0.04017107],
       [11.92181379]]), array([[ 3.3917161 ],
       [-0.08544299],
       [11.97475646]]), array([[ 3.45485843],
       [-0.51173767],
       [12.18311249]]), array([[ 3.38733603],
       [-2.7117222 ],
       [14.41564707]]), array([[ 3.23417455],
       [-2.0567972 ],
       [13.98094502]])] 
